m;ep;log_ep,log_C 
3;15.300;2.7278528284;0.0000000000
3;15.606;2.7476554557;0.0000000000
3;15.918;2.7674580830;0.0000000000
3;16.236;2.7872607103;0.0000000000
3;16.561;2.8070633376;0.0000000000
3;16.892;2.8268659649;0.0000000000
3;17.230;2.8466685922;0.0000000000
3;17.575;2.8664712195;0.0000000000
3;17.926;2.8862738468;0.0000000000
3;18.285;2.9060764741;0.0000000000
3;18.651;2.9258791014;0.0000000000
3;19.024;2.9456817287;0.0000000000
3;19.404;2.9654843560;0.0000000000
3;19.792;2.9852869832;0.0000000000
3;20.188;3.0050896105;0.0000000000
3;20.592;3.0248922378;0.0000000000
3;21.004;3.0446948651;0.0000000000
3;21.424;3.0644974924;0.0000000000
3;21.852;3.0843001197;0.0000000000
3;22.289;3.1041027470;0.0000000000
3;22.735;3.1239053743;0.0000000000
3;23.190;3.1437080016;0.0000000000
3;23.653;3.1635106289;0.0000000000
3;24.127;3.1833132562;0.0000000000
3;24.609;3.2031158835;0.0000000000
3;25.101;3.2229185108;0.0000000000
3;25.603;3.2427211381;0.0000000000
3;26.115;3.2625237654;0.0000000000
3;26.638;3.2823263927;0.0000000000
3;27.170;3.3021290200;0.0000000000
3;27.714;3.3219316473;0.0000000000
3;28.268;3.3417342746;0.0000000000
3;28.833;3.3615369019;0.0000000000
3;29.410;3.3813395292;0.0000000000
3;29.998;3.4011421565;0.0000000000
3;30.598;3.4209447838;0.0000000000
3;31.210;3.4407474111;0.0000000000
3;31.834;3.4605500384;0.0000000000
3;32.471;3.4803526657;0.0000000000
3;33.121;3.5001552929;0.0000000000
3;33.783;3.5199579202;0.0000000000
3;34.459;3.5397605475;0.0000000000
3;35.148;3.5595631748;0.0000000000
3;35.851;3.5793658021;0.0000000000
3;36.568;3.5991684294;0.0000000000
3;37.299;3.6189710567;0.0000000000
3;38.045;3.6387736840;0.0000000000
3;38.806;3.6585763113;0.0000000000
3;39.582;3.6783789386;0.0000000000
3;40.374;3.6981815659;0.0000000000
3;41.181;3.7179841932;0.0000000000
3;42.005;3.7377868205;0.0000000000
3;42.845;3.7575894478;0.0000000000
3;43.702;3.7773920751;0.0000000000
3;44.576;3.7971947024;0.0000000000
3;45.467;3.8169973297;0.0000000000
3;46.377;3.8367999570;0.0000000000
3;47.304;3.8566025843;0.0000000000
3;48.250;3.8764052116;0.0000000000
3;49.215;3.8962078389;0.0000000000
3;50.200;3.9160104662;0.0000000000
3;51.204;3.9358130935;0.0000000000
3;52.228;3.9556157208;0.0000000000
3;53.272;3.9754183481;0.0000000000
3;54.338;3.9952209754;0.0000000000
3;55.425;4.0150236027;0.0000000000
3;56.533;4.0348262299;0.0000000000
3;57.664;4.0546288572;0.0000000000
3;58.817;4.0744314845;0.0000000000
3;59.993;4.0942341118;0.0000000000
3;61.193;4.1140367391;0.0000000000
3;62.417;4.1338393664;0.0000000000
3;63.665;4.1536419937;0.0000000000
3;64.939;4.1734446210;0.0000000000
3;66.238;4.1932472483;0.0000000000
3;67.562;4.2130498756;0.0000000000
3;68.914;4.2328525029;0.0000000000
3;70.292;4.2526551302;0.0000000000
3;0.000;-inf;-8.4040244933
3;0.000;-716.2830112342;-8.4040244933
3;0.000;-716.2830112342;-8.4040244933
3;0.000;-716.2830112342;-8.4040244933
3;0.000;-716.2830112342;-8.4040244933
3;0.000;-711.8621899990;-8.4040244933
3;0.000;-716.2830112247;-8.4040244933
3;0.000;-719.0084095205;-8.4040244933
3;0.000;-716.2806156743;-8.4040244933
3;0.000;-716.2806156744;-8.4040244933
3;0.000;-740.2811888380;-8.4040244933
3;0.000;-716.2806156743;-8.4040244933
3;0.000;-711.8621899991;-8.4040244933
3;0.000;-116.1052151732;-8.4040244933
3;nan;nan;0.0000000000
3;0.000;-inf;-8.4040244933
3;0.000;-716.2806195492;-8.4040244933
3;0.000;-716.2806338044;-8.4040244933
3;0.000;-738.8988083762;-8.4040244933
3;0.000;-711.8621826258;-8.4040244933
3;0.000;-716.2806338829;-8.4040244933
3;0.000;-716.2806337421;-8.4040244933
3;0.000;-inf;-8.4040244933
3;0.000;-711.8621826516;-8.4040244933
3;0.000;-inf;-8.4040244933
3;0.000;-711.8621900122;-8.4040244933
3;0.000;-inf;-8.4040244933
3;0.000;-inf;-8.4040244933
3;-1.000;-nan(ind);-inf
3;0.000;-inf;-8.4040244933
3;0.000;-inf;-8.4040244933
3;0.000;-inf;-8.4040244933
3;0.000;-inf;-8.4040244933
3;0.000;-inf;-8.4040244933
3;0.000;-711.8621826259;-8.4040244933
3;0.000;-716.2806336573;-8.4040244933
3;0.000;-719.0404863186;-8.4040244933
3;0.000;-716.2806337218;-8.4040244933
3;0.000;-744.4400719214;-8.4040244933
3;0.000;-711.8621826510;-8.4040244933
3;0.000;-716.2808010406;-8.4040244933
3;0.000;-743.3414596327;-8.4040244933
3;0.000;-744.4400719214;-8.4040244933
3;0.000;-716.2808010406;-8.4040244933
3;0.000;-711.8621899990;-8.4040244933
3;0.000;-inf;-8.4040244933
3;0.000;-inf;-8.4040244933
3;0.000;-inf;-8.4040244933
3;0.000;-716.2807947673;-8.4040244933
3;0.000;-711.8621900137;-8.4040244933
3;0.000;-744.4400719214;-8.4040244933
3;0.000;-719.0084095349;-8.4040244933
3;0.000;-711.8621899990;-8.4040244933
3;0.000;-744.4400719214;-8.4040244933
3;0.000;-744.4400719214;-8.4040244933
3;0.000;-744.4400719214;-8.4040244933
3;0.000;-inf;-8.4040244933
3;0.000;-719.0084095363;-8.4040244933
3;0.000;-719.0084095364;-8.4040244933
3;0.000;-719.0084095208;-8.4040244933
3;0.000;-744.4400719214;-8.4040244933
3;0.000;-716.2830112342;-8.4040244933
3;0.000;-inf;-8.4040244933
3;0.000;-inf;-8.4040244933
3;0.000;-716.2807947673;-8.4040244933
3;0.000;-711.8621900099;-8.4040244933
3;0.000;-719.0084095234;-8.4040244933
3;0.000;-744.4400719214;-8.4040244933
3;0.000;-716.2806156741;-8.4040244933
3;0.000;-716.2806156743;-8.4040244933
3;0.000;-inf;-8.4040244933
3;-nan;-nan;0.0000000000
3;0.000;-740.2811888380;-8.4040244933
3;0.000;-741.6674831991;-8.4040244933
3;0.000;-744.4400719214;-8.4040244933
3;0.000;-inf;-8.4040244933
3;0.000;-716.2806336790;-8.4040244933
3;0.000;-716.2807999920;-8.4040244933
3;0.000;-716.2806337202;-8.4040244933
3;0.000;-743.3414596327;-8.4040244933
3;0.000;-711.8621826259;-8.4040244933
3;0.000;-716.2806367980;-8.4040244933
3;0.000;-716.2806195487;-8.4040244933
3;0.000;-716.2807997508;-8.4040244933
3;0.000;-716.2806195487;-8.4040244933
3;0.000;-711.8621826527;-8.4040244933
3;0.000;-716.2806336696;-8.4040244933
3;0.000;-741.9551652716;-8.4040244933
3;0.000;-716.2806195487;-8.4040244933
3;0.000;-711.8621826515;-8.4040244933
3;0.000;-716.2830112342;-8.4040244933
3;0.000;-716.2807997508;-8.4040244933
3;0.000;-711.8621826259;-8.4040244933
3;0.000;-716.2806195487;-8.4040244933
4;15.300;2.7278528284;-0.0096301390
4;15.606;2.7476554557;-0.0032779238
4;15.918;2.7674580830;-0.0023402772
4;16.236;2.7872607103;-0.0009354538
4;16.561;2.8070633376;0.0000000000
4;16.892;2.8268659649;0.0000000000
4;17.230;2.8466685922;0.0000000000
4;17.575;2.8664712195;0.0000000000
4;17.926;2.8862738468;0.0000000000
4;18.285;2.9060764741;0.0000000000
4;18.651;2.9258791014;0.0000000000
4;19.024;2.9456817287;0.0000000000
4;19.404;2.9654843560;0.0000000000
4;19.792;2.9852869832;0.0000000000
4;20.188;3.0050896105;0.0000000000
4;20.592;3.0248922378;0.0000000000
4;21.004;3.0446948651;0.0000000000
4;21.424;3.0644974924;0.0000000000
4;21.852;3.0843001197;0.0000000000
4;22.289;3.1041027470;0.0000000000
4;22.735;3.1239053743;0.0000000000
4;23.190;3.1437080016;0.0000000000
4;23.653;3.1635106289;0.0000000000
4;24.127;3.1833132562;0.0000000000
4;24.609;3.2031158835;0.0000000000
4;25.101;3.2229185108;0.0000000000
4;25.603;3.2427211381;0.0000000000
4;26.115;3.2625237654;0.0000000000
4;26.638;3.2823263927;0.0000000000
4;27.170;3.3021290200;0.0000000000
4;27.714;3.3219316473;0.0000000000
4;28.268;3.3417342746;0.0000000000
4;28.833;3.3615369019;0.0000000000
4;29.410;3.3813395292;0.0000000000
4;29.998;3.4011421565;0.0000000000
4;30.598;3.4209447838;0.0000000000
4;31.210;3.4407474111;0.0000000000
4;31.834;3.4605500384;0.0000000000
4;32.471;3.4803526657;0.0000000000
4;33.121;3.5001552929;0.0000000000
4;33.783;3.5199579202;0.0000000000
4;34.459;3.5397605475;0.0000000000
4;35.148;3.5595631748;0.0000000000
4;35.851;3.5793658021;0.0000000000
4;36.568;3.5991684294;0.0000000000
4;37.299;3.6189710567;0.0000000000
4;38.045;3.6387736840;0.0000000000
4;38.806;3.6585763113;0.0000000000
4;39.582;3.6783789386;0.0000000000
4;40.374;3.6981815659;0.0000000000
4;41.181;3.7179841932;0.0000000000
4;42.005;3.7377868205;0.0000000000
4;42.845;3.7575894478;0.0000000000
4;43.702;3.7773920751;0.0000000000
4;44.576;3.7971947024;0.0000000000
4;45.467;3.8169973297;0.0000000000
4;46.377;3.8367999570;0.0000000000
4;47.304;3.8566025843;0.0000000000
4;48.250;3.8764052116;0.0000000000
4;49.215;3.8962078389;0.0000000000
4;50.200;3.9160104662;0.0000000000
4;51.204;3.9358130935;0.0000000000
4;52.228;3.9556157208;0.0000000000
4;53.272;3.9754183481;0.0000000000
4;54.338;3.9952209754;0.0000000000
4;55.425;4.0150236027;0.0000000000
4;56.533;4.0348262299;0.0000000000
4;57.664;4.0546288572;0.0000000000
4;58.817;4.0744314845;0.0000000000
4;59.993;4.0942341118;0.0000000000
4;61.193;4.1140367391;0.0000000000
4;62.417;4.1338393664;0.0000000000
4;63.665;4.1536419937;0.0000000000
4;64.939;4.1734446210;0.0000000000
4;66.238;4.1932472483;0.0000000000
4;67.562;4.2130498756;0.0000000000
4;68.914;4.2328525029;0.0000000000
4;70.292;4.2526551302;0.0000000000
4;0.000;-inf;-inf
4;0.000;-716.2830112342;-inf
4;0.000;-716.2830112342;-inf
4;0.000;-716.2830112342;-inf
4;0.000;-716.2830112342;-inf
4;0.000;-711.8621899990;-inf
4;0.000;-716.2830112247;-inf
4;0.000;-719.0084095205;-inf
4;0.000;-716.2806156743;-inf
4;0.000;-716.2806156744;-inf
4;0.000;-740.2811888380;-inf
4;0.000;-716.2806156743;-inf
4;0.000;-711.8621899991;-inf
4;0.000;-116.1052151732;-inf
4;nan;nan;0.0000000000
4;0.000;-inf;-inf
4;0.000;-716.2806195492;-inf
4;0.000;-716.2806338044;-inf
4;0.000;-738.8988083762;-inf
4;0.000;-711.8621826258;-inf
4;0.000;-716.2806338829;-inf
4;0.000;-716.2806337421;-inf
4;0.000;-inf;-inf
4;0.000;-711.8621826516;-inf
4;0.000;-inf;-inf
4;0.000;-711.8621900122;-inf
4;0.000;-inf;-inf
4;0.000;-inf;-inf
4;-1.000;-nan(ind);-inf
4;0.000;-inf;-inf
4;0.000;-inf;-inf
4;0.000;-inf;-inf
4;0.000;-inf;-inf
4;0.000;-inf;-inf
4;0.000;-711.8621826259;-inf
4;0.000;-716.2806336573;-inf
4;0.000;-719.0404863186;-inf
4;0.000;-716.2806337218;-inf
4;0.000;-744.4400719214;-inf
4;0.000;-711.8621826510;-inf
4;0.000;-716.2808010406;-inf
4;0.000;-743.3414596327;-inf
4;0.000;-744.4400719214;-inf
4;0.000;-716.2808010406;-inf
4;0.000;-711.8621899990;-inf
4;0.000;-inf;-inf
4;0.000;-inf;-inf
4;0.000;-inf;-inf
4;0.000;-716.2807947673;-inf
4;0.000;-711.8621900137;-inf
4;0.000;-744.4400719214;-inf
4;0.000;-719.0084095349;-inf
4;0.000;-711.8621899990;-inf
4;0.000;-744.4400719214;-inf
4;0.000;-744.4400719214;-inf
4;0.000;-744.4400719214;-inf
4;0.000;-inf;-inf
4;0.000;-719.0084095363;-inf
4;0.000;-719.0084095364;-inf
4;0.000;-719.0084095208;-inf
4;0.000;-744.4400719214;-inf
4;0.000;-716.2830112342;-inf
4;0.000;-inf;-inf
4;0.000;-inf;-inf
4;0.000;-716.2807947673;-inf
4;0.000;-711.8621900099;-inf
4;0.000;-719.0084095234;-inf
4;0.000;-744.4400719214;-inf
4;0.000;-716.2806156741;-inf
4;0.000;-716.2806156743;-inf
4;0.000;-inf;-inf
4;-nan;-nan;0.0000000000
4;0.000;-740.2811888380;-inf
4;0.000;-741.6674831991;-inf
4;0.000;-744.4400719214;-inf
4;0.000;-inf;-inf
4;0.000;-716.2806336790;-inf
4;0.000;-716.2807999920;-inf
4;0.000;-716.2806337202;-inf
4;0.000;-743.3414596327;-inf
4;0.000;-711.8621826259;-inf
4;0.000;-716.2806367980;-inf
4;0.000;-716.2806195487;-inf
4;0.000;-716.2807997508;-inf
4;0.000;-716.2806195487;-inf
4;0.000;-711.8621826527;-inf
4;0.000;-716.2806336696;-inf
4;0.000;-741.9551652716;-inf
4;0.000;-716.2806195487;-inf
4;0.000;-711.8621826515;-inf
4;0.000;-716.2830112342;-inf
4;0.000;-716.2807997508;-inf
4;0.000;-711.8621826259;-inf
4;0.000;-716.2806195487;-inf
5;15.300;2.7278528284;-0.0601363406
5;15.606;2.7476554557;-0.0539315637
5;15.918;2.7674580830;-0.0380785086
5;16.236;2.7872607103;-0.0222231368
5;16.561;2.8070633376;-0.0115437853
5;16.892;2.8268659649;-0.0046506019
5;17.230;2.8466685922;-0.0019555127
5;17.575;2.8664712195;-0.0004885198
5;17.926;2.8862738468;0.0000000000
5;18.285;2.9060764741;0.0000000000
5;18.651;2.9258791014;0.0000000000
5;19.024;2.9456817287;0.0000000000
5;19.404;2.9654843560;0.0000000000
5;19.792;2.9852869832;0.0000000000
5;20.188;3.0050896105;0.0000000000
5;20.592;3.0248922378;0.0000000000
5;21.004;3.0446948651;0.0000000000
5;21.424;3.0644974924;0.0000000000
5;21.852;3.0843001197;0.0000000000
5;22.289;3.1041027470;0.0000000000
5;22.735;3.1239053743;0.0000000000
5;23.190;3.1437080016;0.0000000000
5;23.653;3.1635106289;0.0000000000
5;24.127;3.1833132562;0.0000000000
5;24.609;3.2031158835;0.0000000000
5;25.101;3.2229185108;0.0000000000
5;25.603;3.2427211381;0.0000000000
5;26.115;3.2625237654;0.0000000000
5;26.638;3.2823263927;0.0000000000
5;27.170;3.3021290200;0.0000000000
5;27.714;3.3219316473;0.0000000000
5;28.268;3.3417342746;0.0000000000
5;28.833;3.3615369019;0.0000000000
5;29.410;3.3813395292;0.0000000000
5;29.998;3.4011421565;0.0000000000
5;30.598;3.4209447838;0.0000000000
5;31.210;3.4407474111;0.0000000000
5;31.834;3.4605500384;0.0000000000
5;32.471;3.4803526657;0.0000000000
5;33.121;3.5001552929;0.0000000000
5;33.783;3.5199579202;0.0000000000
5;34.459;3.5397605475;0.0000000000
5;35.148;3.5595631748;0.0000000000
5;35.851;3.5793658021;0.0000000000
5;36.568;3.5991684294;0.0000000000
5;37.299;3.6189710567;0.0000000000
5;38.045;3.6387736840;0.0000000000
5;38.806;3.6585763113;0.0000000000
5;39.582;3.6783789386;0.0000000000
5;40.374;3.6981815659;0.0000000000
5;41.181;3.7179841932;0.0000000000
5;42.005;3.7377868205;0.0000000000
5;42.845;3.7575894478;0.0000000000
5;43.702;3.7773920751;0.0000000000
5;44.576;3.7971947024;0.0000000000
5;45.467;3.8169973297;0.0000000000
5;46.377;3.8367999570;0.0000000000
5;47.304;3.8566025843;0.0000000000
5;48.250;3.8764052116;0.0000000000
5;49.215;3.8962078389;0.0000000000
5;50.200;3.9160104662;0.0000000000
5;51.204;3.9358130935;0.0000000000
5;52.228;3.9556157208;0.0000000000
5;53.272;3.9754183481;0.0000000000
5;54.338;3.9952209754;0.0000000000
5;55.425;4.0150236027;0.0000000000
5;56.533;4.0348262299;0.0000000000
5;57.664;4.0546288572;0.0000000000
5;58.817;4.0744314845;0.0000000000
5;59.993;4.0942341118;0.0000000000
5;61.193;4.1140367391;0.0000000000
5;62.417;4.1338393664;0.0000000000
5;63.665;4.1536419937;0.0000000000
5;64.939;4.1734446210;0.0000000000
5;66.238;4.1932472483;0.0000000000
5;67.562;4.2130498756;0.0000000000
5;68.914;4.2328525029;0.0000000000
5;70.292;4.2526551302;0.0000000000
5;0.000;-inf;-inf
5;0.000;-716.2830112342;-inf
5;0.000;-716.2830112342;-inf
5;0.000;-716.2830112342;-inf
5;0.000;-716.2830112342;-inf
5;0.000;-711.8621899990;-inf
5;0.000;-716.2830112247;-inf
5;0.000;-719.0084095205;-inf
5;0.000;-716.2806156743;-inf
5;0.000;-716.2806156744;-inf
5;0.000;-740.2811888380;-inf
5;0.000;-716.2806156743;-inf
5;0.000;-711.8621899991;-inf
5;0.000;-116.1052151732;-inf
5;nan;nan;0.0000000000
5;0.000;-inf;-inf
5;0.000;-716.2806195492;-inf
5;0.000;-716.2806338044;-inf
5;0.000;-738.8988083762;-inf
5;0.000;-711.8621826258;-inf
5;0.000;-716.2806338829;-inf
5;0.000;-716.2806337421;-inf
5;0.000;-inf;-inf
5;0.000;-711.8621826516;-inf
5;0.000;-inf;-inf
5;0.000;-711.8621900122;-inf
5;0.000;-inf;-inf
5;0.000;-inf;-inf
5;-1.000;-nan(ind);-inf
5;0.000;-inf;-inf
5;0.000;-inf;-inf
5;0.000;-inf;-inf
5;0.000;-inf;-inf
5;0.000;-inf;-inf
5;0.000;-711.8621826259;-inf
5;0.000;-716.2806336573;-inf
5;0.000;-719.0404863186;-inf
5;0.000;-716.2806337218;-inf
5;0.000;-744.4400719214;-inf
5;0.000;-711.8621826510;-inf
5;0.000;-716.2808010406;-inf
5;0.000;-743.3414596327;-inf
5;0.000;-744.4400719214;-inf
5;0.000;-716.2808010406;-inf
5;0.000;-711.8621899990;-inf
5;0.000;-inf;-inf
5;0.000;-inf;-inf
5;0.000;-inf;-inf
5;0.000;-716.2807947673;-inf
5;0.000;-711.8621900137;-inf
5;0.000;-744.4400719214;-inf
5;0.000;-719.0084095349;-inf
5;0.000;-711.8621899990;-inf
5;0.000;-744.4400719214;-inf
5;0.000;-744.4400719214;-inf
5;0.000;-744.4400719214;-inf
5;0.000;-inf;-inf
5;0.000;-719.0084095363;-inf
5;0.000;-719.0084095364;-inf
5;0.000;-719.0084095208;-inf
5;0.000;-744.4400719214;-inf
5;0.000;-716.2830112342;-inf
5;0.000;-inf;-inf
5;0.000;-inf;-inf
5;0.000;-716.2807947673;-inf
5;0.000;-711.8621900099;-inf
5;0.000;-719.0084095234;-inf
5;0.000;-744.4400719214;-inf
5;0.000;-716.2806156741;-inf
5;0.000;-716.2806156743;-inf
5;0.000;-inf;-inf
5;-nan;-nan;0.0000000000
5;0.000;-740.2811888380;-inf
5;0.000;-741.6674831991;-inf
5;0.000;-744.4400719214;-inf
5;0.000;-inf;-inf
5;0.000;-716.2806336790;-inf
5;0.000;-716.2807999920;-inf
5;0.000;-716.2806337202;-inf
5;0.000;-743.3414596327;-inf
5;0.000;-711.8621826259;-inf
5;0.000;-716.2806367980;-inf
5;0.000;-716.2806195487;-inf
5;0.000;-716.2807997508;-inf
5;0.000;-716.2806195487;-inf
5;0.000;-711.8621826527;-inf
5;0.000;-716.2806336696;-inf
5;0.000;-741.9551652716;-inf
5;0.000;-716.2806195487;-inf
5;0.000;-711.8621826515;-inf
5;0.000;-716.2830112342;-inf
5;0.000;-716.2807997508;-inf
5;0.000;-711.8621826259;-inf
5;0.000;-716.2806195487;-inf
6;15.300;2.7278528284;-0.0869185222
6;15.606;2.7476554557;-0.0830263849
6;15.918;2.7674580830;-0.0761135964
6;16.236;2.7872607103;-0.0697957619
6;16.561;2.8070633376;-0.0586315888
6;16.892;2.8268659649;-0.0449161661
6;17.230;2.8466685922;-0.0353467150
6;17.575;2.8664712195;-0.0159591547
6;17.926;2.8862738468;-0.0046071236
6;18.285;2.9060764741;-0.0023009086
6;18.651;2.9258791014;-0.0002553952
6;19.024;2.9456817287;0.0000000000
6;19.404;2.9654843560;0.0000000000
6;19.792;2.9852869832;0.0000000000
6;20.188;3.0050896105;0.0000000000
6;20.592;3.0248922378;0.0000000000
6;21.004;3.0446948651;0.0000000000
6;21.424;3.0644974924;0.0000000000
6;21.852;3.0843001197;0.0000000000
6;22.289;3.1041027470;0.0000000000
6;22.735;3.1239053743;0.0000000000
6;23.190;3.1437080016;0.0000000000
6;23.653;3.1635106289;0.0000000000
6;24.127;3.1833132562;0.0000000000
6;24.609;3.2031158835;0.0000000000
6;25.101;3.2229185108;0.0000000000
6;25.603;3.2427211381;0.0000000000
6;26.115;3.2625237654;0.0000000000
6;26.638;3.2823263927;0.0000000000
6;27.170;3.3021290200;0.0000000000
6;27.714;3.3219316473;0.0000000000
6;28.268;3.3417342746;0.0000000000
6;28.833;3.3615369019;0.0000000000
6;29.410;3.3813395292;0.0000000000
6;29.998;3.4011421565;0.0000000000
6;30.598;3.4209447838;0.0000000000
6;31.210;3.4407474111;0.0000000000
6;31.834;3.4605500384;0.0000000000
6;32.471;3.4803526657;0.0000000000
6;33.121;3.5001552929;0.0000000000
6;33.783;3.5199579202;0.0000000000
6;34.459;3.5397605475;0.0000000000
6;35.148;3.5595631748;0.0000000000
6;35.851;3.5793658021;0.0000000000
6;36.568;3.5991684294;0.0000000000
6;37.299;3.6189710567;0.0000000000
6;38.045;3.6387736840;0.0000000000
6;38.806;3.6585763113;0.0000000000
6;39.582;3.6783789386;0.0000000000
6;40.374;3.6981815659;0.0000000000
6;41.181;3.7179841932;0.0000000000
6;42.005;3.7377868205;0.0000000000
6;42.845;3.7575894478;0.0000000000
6;43.702;3.7773920751;0.0000000000
6;44.576;3.7971947024;0.0000000000
6;45.467;3.8169973297;0.0000000000
6;46.377;3.8367999570;0.0000000000
6;47.304;3.8566025843;0.0000000000
6;48.250;3.8764052116;0.0000000000
6;49.215;3.8962078389;0.0000000000
6;50.200;3.9160104662;0.0000000000
6;51.204;3.9358130935;0.0000000000
6;52.228;3.9556157208;0.0000000000
6;53.272;3.9754183481;0.0000000000
6;54.338;3.9952209754;0.0000000000
6;55.425;4.0150236027;0.0000000000
6;56.533;4.0348262299;0.0000000000
6;57.664;4.0546288572;0.0000000000
6;58.817;4.0744314845;0.0000000000
6;59.993;4.0942341118;0.0000000000
6;61.193;4.1140367391;0.0000000000
6;62.417;4.1338393664;0.0000000000
6;63.665;4.1536419937;0.0000000000
6;64.939;4.1734446210;0.0000000000
6;66.238;4.1932472483;0.0000000000
6;67.562;4.2130498756;0.0000000000
6;68.914;4.2328525029;0.0000000000
6;70.292;4.2526551302;0.0000000000
6;0.000;-inf;-inf
6;0.000;-716.2830112342;-inf
6;0.000;-716.2830112342;-inf
6;0.000;-716.2830112342;-inf
6;0.000;-716.2830112342;-inf
6;0.000;-711.8621899990;-inf
6;0.000;-716.2830112247;-inf
6;0.000;-719.0084095205;-inf
6;0.000;-716.2806156743;-inf
6;0.000;-716.2806156744;-inf
6;0.000;-740.2811888380;-inf
6;0.000;-716.2806156743;-inf
6;0.000;-711.8621899991;-inf
6;0.000;-116.1052151732;-inf
6;nan;nan;0.0000000000
6;0.000;-inf;-inf
6;0.000;-716.2806195492;-inf
6;0.000;-716.2806338044;-inf
6;0.000;-738.8988083762;-inf
6;0.000;-711.8621826258;-inf
6;0.000;-716.2806338829;-inf
6;0.000;-716.2806337421;-inf
6;0.000;-inf;-inf
6;0.000;-711.8621826516;-inf
6;0.000;-inf;-inf
6;0.000;-711.8621900122;-inf
6;0.000;-inf;-inf
6;0.000;-inf;-inf
6;-1.000;-nan(ind);-inf
6;0.000;-inf;-inf
6;0.000;-inf;-inf
6;0.000;-inf;-inf
6;0.000;-inf;-inf
6;0.000;-inf;-inf
6;0.000;-711.8621826259;-inf
6;0.000;-716.2806336573;-inf
6;0.000;-719.0404863186;-inf
6;0.000;-716.2806337218;-inf
6;0.000;-744.4400719214;-inf
6;0.000;-711.8621826510;-inf
6;0.000;-716.2808010406;-inf
6;0.000;-743.3414596327;-inf
6;0.000;-744.4400719214;-inf
6;0.000;-716.2808010406;-inf
6;0.000;-711.8621899990;-inf
6;0.000;-inf;-inf
6;0.000;-inf;-inf
6;0.000;-inf;-inf
6;0.000;-716.2807947673;-inf
6;0.000;-711.8621900137;-inf
6;0.000;-744.4400719214;-inf
6;0.000;-719.0084095349;-inf
6;0.000;-711.8621899990;-inf
6;0.000;-744.4400719214;-inf
6;0.000;-744.4400719214;-inf
6;0.000;-744.4400719214;-inf
6;0.000;-inf;-inf
6;0.000;-719.0084095363;-inf
6;0.000;-719.0084095364;-inf
6;0.000;-719.0084095208;-inf
6;0.000;-744.4400719214;-inf
6;0.000;-716.2830112342;-inf
6;0.000;-inf;-inf
6;0.000;-inf;-inf
6;0.000;-716.2807947673;-inf
6;0.000;-711.8621900099;-inf
6;0.000;-719.0084095234;-inf
6;0.000;-744.4400719214;-inf
6;0.000;-716.2806156741;-inf
6;0.000;-716.2806156743;-inf
6;0.000;-inf;-inf
6;-nan;-nan;0.0000000000
6;0.000;-740.2811888380;-inf
6;0.000;-741.6674831991;-inf
6;0.000;-744.4400719214;-inf
6;0.000;-inf;-inf
6;0.000;-716.2806336790;-inf
6;0.000;-716.2807999920;-inf
6;0.000;-716.2806337202;-inf
6;0.000;-743.3414596327;-inf
6;0.000;-711.8621826259;-inf
6;0.000;-716.2806367980;-inf
6;0.000;-716.2806195487;-inf
6;0.000;-716.2807997508;-inf
6;0.000;-716.2806195487;-inf
6;0.000;-711.8621826527;-inf
6;0.000;-716.2806336696;-inf
6;0.000;-741.9551652716;-inf
6;0.000;-716.2806195487;-inf
6;0.000;-711.8621826515;-inf
6;0.000;-716.2830112342;-inf
6;0.000;-716.2807997508;-inf
6;0.000;-711.8621826259;-inf
6;0.000;-716.2806195487;-inf
7;15.300;2.7278528284;-0.1248246099
7;15.606;2.7476554557;-0.1142807556
7;15.918;2.7674580830;-0.1029576310
7;16.236;2.7872607103;-0.0979332374
7;16.561;2.8070633376;-0.0888355958
7;16.892;2.8268659649;-0.0809787243
7;17.230;2.8466685922;-0.0688783174
7;17.575;2.8664712195;-0.0560740451
7;17.926;2.8862738468;-0.0459473763
7;18.285;2.9060764741;-0.0281937894
7;18.651;2.9258791014;-0.0139975368
7;19.024;2.9456817287;-0.0056292871
7;19.404;2.9654843560;-0.0016051368
7;19.792;2.9852869832;-0.0005347594
7;20.188;3.0050896105;0.0000000000
7;20.592;3.0248922378;0.0000000000
7;21.004;3.0446948651;0.0000000000
7;21.424;3.0644974924;0.0000000000
7;21.852;3.0843001197;0.0000000000
7;22.289;3.1041027470;0.0000000000
7;22.735;3.1239053743;0.0000000000
7;23.190;3.1437080016;0.0000000000
7;23.653;3.1635106289;0.0000000000
7;24.127;3.1833132562;0.0000000000
7;24.609;3.2031158835;0.0000000000
7;25.101;3.2229185108;0.0000000000
7;25.603;3.2427211381;0.0000000000
7;26.115;3.2625237654;0.0000000000
7;26.638;3.2823263927;0.0000000000
7;27.170;3.3021290200;0.0000000000
7;27.714;3.3219316473;0.0000000000
7;28.268;3.3417342746;0.0000000000
7;28.833;3.3615369019;0.0000000000
7;29.410;3.3813395292;0.0000000000
7;29.998;3.4011421565;0.0000000000
7;30.598;3.4209447838;0.0000000000
7;31.210;3.4407474111;0.0000000000
7;31.834;3.4605500384;0.0000000000
7;32.471;3.4803526657;0.0000000000
7;33.121;3.5001552929;0.0000000000
7;33.783;3.5199579202;0.0000000000
7;34.459;3.5397605475;0.0000000000
7;35.148;3.5595631748;0.0000000000
7;35.851;3.5793658021;0.0000000000
7;36.568;3.5991684294;0.0000000000
7;37.299;3.6189710567;0.0000000000
7;38.045;3.6387736840;0.0000000000
7;38.806;3.6585763113;0.0000000000
7;39.582;3.6783789386;0.0000000000
7;40.374;3.6981815659;0.0000000000
7;41.181;3.7179841932;0.0000000000
7;42.005;3.7377868205;0.0000000000
7;42.845;3.7575894478;0.0000000000
7;43.702;3.7773920751;0.0000000000
7;44.576;3.7971947024;0.0000000000
7;45.467;3.8169973297;0.0000000000
7;46.377;3.8367999570;0.0000000000
7;47.304;3.8566025843;0.0000000000
7;48.250;3.8764052116;0.0000000000
7;49.215;3.8962078389;0.0000000000
7;50.200;3.9160104662;0.0000000000
7;51.204;3.9358130935;0.0000000000
7;52.228;3.9556157208;0.0000000000
7;53.272;3.9754183481;0.0000000000
7;54.338;3.9952209754;0.0000000000
7;55.425;4.0150236027;0.0000000000
7;56.533;4.0348262299;0.0000000000
7;57.664;4.0546288572;0.0000000000
7;58.817;4.0744314845;0.0000000000
7;59.993;4.0942341118;0.0000000000
7;61.193;4.1140367391;0.0000000000
7;62.417;4.1338393664;0.0000000000
7;63.665;4.1536419937;0.0000000000
7;64.939;4.1734446210;0.0000000000
7;66.238;4.1932472483;0.0000000000
7;67.562;4.2130498756;0.0000000000
7;68.914;4.2328525029;0.0000000000
7;70.292;4.2526551302;0.0000000000
7;0.000;-inf;-inf
7;0.000;-716.2830112342;-inf
7;0.000;-716.2830112342;-inf
7;0.000;-716.2830112342;-inf
7;0.000;-716.2830112342;-inf
7;0.000;-711.8621899990;-inf
7;0.000;-716.2830112247;-inf
7;0.000;-719.0084095205;-inf
7;0.000;-716.2806156743;-inf
7;0.000;-716.2806156744;-inf
7;0.000;-740.2811888380;-inf
7;0.000;-716.2806156743;-inf
7;0.000;-711.8621899991;-inf
7;0.000;-116.1052151732;-inf
7;nan;nan;0.0000000000
7;0.000;-inf;-inf
7;0.000;-716.2806195492;-inf
7;0.000;-716.2806338044;-inf
7;0.000;-738.8988083762;-inf
7;0.000;-711.8621826258;-inf
7;0.000;-716.2806338829;-inf
7;0.000;-716.2806337421;-inf
7;0.000;-inf;-inf
7;0.000;-711.8621826516;-inf
7;0.000;-inf;-inf
7;0.000;-711.8621900122;-inf
7;0.000;-inf;-inf
7;0.000;-inf;-inf
7;-1.000;-nan(ind);-inf
7;0.000;-inf;-inf
7;0.000;-inf;-inf
7;0.000;-inf;-inf
7;0.000;-inf;-inf
7;0.000;-inf;-inf
7;0.000;-711.8621826259;-inf
7;0.000;-716.2806336573;-inf
7;0.000;-719.0404863186;-inf
7;0.000;-716.2806337218;-inf
7;0.000;-744.4400719214;-inf
7;0.000;-711.8621826510;-inf
7;0.000;-716.2808010406;-inf
7;0.000;-743.3414596327;-inf
7;0.000;-744.4400719214;-inf
7;0.000;-716.2808010406;-inf
7;0.000;-711.8621899990;-inf
7;0.000;-inf;-inf
7;0.000;-inf;-inf
7;0.000;-inf;-inf
7;0.000;-716.2807947673;-inf
7;0.000;-711.8621900137;-inf
7;0.000;-744.4400719214;-inf
7;0.000;-719.0084095349;-inf
7;0.000;-711.8621899990;-inf
7;0.000;-744.4400719214;-inf
7;0.000;-744.4400719214;-inf
7;0.000;-744.4400719214;-inf
7;0.000;-inf;-inf
7;0.000;-719.0084095363;-inf
7;0.000;-719.0084095364;-inf
7;0.000;-719.0084095208;-inf
7;0.000;-744.4400719214;-inf
7;0.000;-716.2830112342;-inf
7;0.000;-inf;-inf
7;0.000;-inf;-inf
7;0.000;-716.2807947673;-inf
7;0.000;-711.8621900099;-inf
7;0.000;-719.0084095234;-inf
7;0.000;-744.4400719214;-inf
7;0.000;-716.2806156741;-inf
7;0.000;-716.2806156743;-inf
7;0.000;-inf;-inf
7;-nan;-nan;0.0000000000
7;0.000;-740.2811888380;-inf
7;0.000;-741.6674831991;-inf
7;0.000;-744.4400719214;-inf
7;0.000;-inf;-inf
7;0.000;-716.2806336790;-inf
7;0.000;-716.2807999920;-inf
7;0.000;-716.2806337202;-inf
7;0.000;-743.3414596327;-inf
7;0.000;-711.8621826259;-inf
7;0.000;-716.2806367980;-inf
7;0.000;-716.2806195487;-inf
7;0.000;-716.2807997508;-inf
7;0.000;-716.2806195487;-inf
7;0.000;-711.8621826527;-inf
7;0.000;-716.2806336696;-inf
7;0.000;-741.9551652716;-inf
7;0.000;-716.2806195487;-inf
7;0.000;-711.8621826515;-inf
7;0.000;-716.2830112342;-inf
7;0.000;-716.2807997508;-inf
7;0.000;-711.8621826259;-inf
7;0.000;-716.2806195487;-inf
8;15.300;2.7278528284;-0.1551315529
8;15.606;2.7476554557;-0.1460139384
8;15.918;2.7674580830;-0.1379428696
8;16.236;2.7872607103;-0.1235770998
8;16.561;2.8070633376;-0.1166282405
8;16.892;2.8268659649;-0.1069179058
8;17.230;2.8466685922;-0.1010126827
8;17.575;2.8664712195;-0.0902250916
8;17.926;2.8862738468;-0.0759195669
8;18.285;2.9060764741;-0.0618158072
8;18.651;2.9258791014;-0.0484960898
8;19.024;2.9456817287;-0.0318752085
8;19.404;2.9654843560;-0.0198026273
8;19.792;2.9852869832;-0.0078740564
8;20.188;3.0050896105;-0.0016820862
8;20.592;3.0248922378;0.0000000000
8;21.004;3.0446948651;0.0000000000
8;21.424;3.0644974924;0.0000000000
8;21.852;3.0843001197;0.0000000000
8;22.289;3.1041027470;0.0000000000
8;22.735;3.1239053743;0.0000000000
8;23.190;3.1437080016;0.0000000000
8;23.653;3.1635106289;0.0000000000
8;24.127;3.1833132562;0.0000000000
8;24.609;3.2031158835;0.0000000000
8;25.101;3.2229185108;0.0000000000
8;25.603;3.2427211381;0.0000000000
8;26.115;3.2625237654;0.0000000000
8;26.638;3.2823263927;0.0000000000
8;27.170;3.3021290200;0.0000000000
8;27.714;3.3219316473;0.0000000000
8;28.268;3.3417342746;0.0000000000
8;28.833;3.3615369019;0.0000000000
8;29.410;3.3813395292;0.0000000000
8;29.998;3.4011421565;0.0000000000
8;30.598;3.4209447838;0.0000000000
8;31.210;3.4407474111;0.0000000000
8;31.834;3.4605500384;0.0000000000
8;32.471;3.4803526657;0.0000000000
8;33.121;3.5001552929;0.0000000000
8;33.783;3.5199579202;0.0000000000
8;34.459;3.5397605475;0.0000000000
8;35.148;3.5595631748;0.0000000000
8;35.851;3.5793658021;0.0000000000
8;36.568;3.5991684294;0.0000000000
8;37.299;3.6189710567;0.0000000000
8;38.045;3.6387736840;0.0000000000
8;38.806;3.6585763113;0.0000000000
8;39.582;3.6783789386;0.0000000000
8;40.374;3.6981815659;0.0000000000
8;41.181;3.7179841932;0.0000000000
8;42.005;3.7377868205;0.0000000000
8;42.845;3.7575894478;0.0000000000
8;43.702;3.7773920751;0.0000000000
8;44.576;3.7971947024;0.0000000000
8;45.467;3.8169973297;0.0000000000
8;46.377;3.8367999570;0.0000000000
8;47.304;3.8566025843;0.0000000000
8;48.250;3.8764052116;0.0000000000
8;49.215;3.8962078389;0.0000000000
8;50.200;3.9160104662;0.0000000000
8;51.204;3.9358130935;0.0000000000
8;52.228;3.9556157208;0.0000000000
8;53.272;3.9754183481;0.0000000000
8;54.338;3.9952209754;0.0000000000
8;55.425;4.0150236027;0.0000000000
8;56.533;4.0348262299;0.0000000000
8;57.664;4.0546288572;0.0000000000
8;58.817;4.0744314845;0.0000000000
8;59.993;4.0942341118;0.0000000000
8;61.193;4.1140367391;0.0000000000
8;62.417;4.1338393664;0.0000000000
8;63.665;4.1536419937;0.0000000000
8;64.939;4.1734446210;0.0000000000
8;66.238;4.1932472483;0.0000000000
8;67.562;4.2130498756;0.0000000000
8;68.914;4.2328525029;0.0000000000
8;70.292;4.2526551302;0.0000000000
8;0.000;-inf;-inf
8;0.000;-716.2830112342;-inf
8;0.000;-716.2830112342;-inf
8;0.000;-716.2830112342;-inf
8;0.000;-716.2830112342;-inf
8;0.000;-711.8621899990;-inf
8;0.000;-716.2830112247;-inf
8;0.000;-719.0084095205;-inf
8;0.000;-716.2806156743;-inf
8;0.000;-716.2806156744;-inf
8;0.000;-740.2811888380;-inf
8;0.000;-716.2806156743;-inf
8;0.000;-711.8621899991;-inf
8;0.000;-116.1052151732;-inf
8;nan;nan;0.0000000000
8;0.000;-inf;-inf
8;0.000;-716.2806195492;-inf
8;0.000;-716.2806338044;-inf
8;0.000;-738.8988083762;-inf
8;0.000;-711.8621826258;-inf
8;0.000;-716.2806338829;-inf
8;0.000;-716.2806337421;-inf
8;0.000;-inf;-inf
8;0.000;-711.8621826516;-inf
8;0.000;-inf;-inf
8;0.000;-711.8621900122;-inf
8;0.000;-inf;-inf
8;0.000;-inf;-inf
8;-1.000;-nan(ind);-inf
8;0.000;-inf;-inf
8;0.000;-inf;-inf
8;0.000;-inf;-inf
8;0.000;-inf;-inf
8;0.000;-inf;-inf
8;0.000;-711.8621826259;-inf
8;0.000;-716.2806336573;-inf
8;0.000;-719.0404863186;-inf
8;0.000;-716.2806337218;-inf
8;0.000;-744.4400719214;-inf
8;0.000;-711.8621826510;-inf
8;0.000;-716.2808010406;-inf
8;0.000;-743.3414596327;-inf
8;0.000;-744.4400719214;-inf
8;0.000;-716.2808010406;-inf
8;0.000;-711.8621899990;-inf
8;0.000;-inf;-inf
8;0.000;-inf;-inf
8;0.000;-inf;-inf
8;0.000;-716.2807947673;-inf
8;0.000;-711.8621900137;-inf
8;0.000;-744.4400719214;-inf
8;0.000;-719.0084095349;-inf
8;0.000;-711.8621899990;-inf
8;0.000;-744.4400719214;-inf
8;0.000;-744.4400719214;-inf
8;0.000;-744.4400719214;-inf
8;0.000;-inf;-inf
8;0.000;-719.0084095363;-inf
8;0.000;-719.0084095364;-inf
8;0.000;-719.0084095208;-inf
8;0.000;-744.4400719214;-inf
8;0.000;-716.2830112342;-inf
8;0.000;-inf;-inf
8;0.000;-inf;-inf
8;0.000;-716.2807947673;-inf
8;0.000;-711.8621900099;-inf
8;0.000;-719.0084095234;-inf
8;0.000;-744.4400719214;-inf
8;0.000;-716.2806156741;-inf
8;0.000;-716.2806156743;-inf
8;0.000;-inf;-inf
8;-nan;-nan;0.0000000000
8;0.000;-740.2811888380;-inf
8;0.000;-741.6674831991;-inf
8;0.000;-744.4400719214;-inf
8;0.000;-inf;-inf
8;0.000;-716.2806336790;-inf
8;0.000;-716.2807999920;-inf
8;0.000;-716.2806337202;-inf
8;0.000;-743.3414596327;-inf
8;0.000;-711.8621826259;-inf
8;0.000;-716.2806367980;-inf
8;0.000;-716.2806195487;-inf
8;0.000;-716.2807997508;-inf
8;0.000;-716.2806195487;-inf
8;0.000;-711.8621826527;-inf
8;0.000;-716.2806336696;-inf
8;0.000;-741.9551652716;-inf
8;0.000;-716.2806195487;-inf
8;0.000;-711.8621826515;-inf
8;0.000;-716.2830112342;-inf
8;0.000;-716.2807997508;-inf
8;0.000;-711.8621826259;-inf
8;0.000;-716.2806195487;-inf
