m;ep;C 
3;15.300;1.0000000000
3;15.606;1.0000000000
3;15.918;1.0000000000
3;16.236;1.0000000000
3;16.561;1.0000000000
3;16.892;1.0000000000
3;17.230;1.0000000000
3;17.575;1.0000000000
3;17.926;1.0000000000
3;18.285;1.0000000000
3;18.651;1.0000000000
3;19.024;1.0000000000
3;19.404;1.0000000000
3;19.792;1.0000000000
3;20.188;1.0000000000
3;20.592;1.0000000000
3;21.004;1.0000000000
3;21.424;1.0000000000
3;21.852;1.0000000000
3;22.289;1.0000000000
3;22.735;1.0000000000
3;23.190;1.0000000000
3;23.653;1.0000000000
3;24.127;1.0000000000
3;24.609;1.0000000000
3;25.101;1.0000000000
3;25.603;1.0000000000
3;26.115;1.0000000000
3;26.638;1.0000000000
3;27.170;1.0000000000
3;27.714;1.0000000000
3;28.268;1.0000000000
3;28.833;1.0000000000
3;29.410;1.0000000000
3;29.998;1.0000000000
3;30.598;1.0000000000
3;31.210;1.0000000000
3;31.834;1.0000000000
3;32.471;1.0000000000
3;33.121;1.0000000000
3;33.783;1.0000000000
3;34.459;1.0000000000
3;35.148;1.0000000000
3;35.851;1.0000000000
3;36.568;1.0000000000
3;37.299;1.0000000000
3;38.045;1.0000000000
3;38.806;1.0000000000
3;39.582;1.0000000000
3;40.374;1.0000000000
3;41.181;1.0000000000
3;42.005;1.0000000000
3;42.845;1.0000000000
3;43.702;1.0000000000
3;44.576;1.0000000000
3;45.467;1.0000000000
3;46.377;1.0000000000
3;47.304;1.0000000000
3;48.250;1.0000000000
3;49.215;1.0000000000
3;50.200;1.0000000000
3;51.204;1.0000000000
3;52.228;1.0000000000
3;53.272;1.0000000000
3;54.338;1.0000000000
3;55.425;1.0000000000
3;56.533;1.0000000000
3;57.664;1.0000000000
3;58.817;1.0000000000
3;59.993;1.0000000000
3;61.193;1.0000000000
3;62.417;1.0000000000
3;63.665;1.0000000000
3;64.939;1.0000000000
3;66.238;1.0000000000
3;67.562;1.0000000000
3;68.914;1.0000000000
3;70.292;1.0000000000
3;0.000;0.0002239642
3;0.000;0.0002239642
3;0.000;0.0002239642
3;0.000;0.0002239642
3;0.000;0.0002239642
3;0.000;0.0002239642
3;0.000;0.0002239642
3;0.000;0.0002239642
3;0.000;0.0002239642
3;0.000;0.0002239642
3;0.000;0.0002239642
3;0.000;0.0002239642
3;0.000;0.0002239642
3;0.000;0.0002239642
3;nan;1.0000000000
3;0.000;0.0002239642
3;0.000;0.0002239642
3;0.000;0.0002239642
3;0.000;0.0002239642
3;0.000;0.0002239642
3;0.000;0.0002239642
3;0.000;0.0002239642
3;0.000;0.0002239642
3;0.000;0.0002239642
3;0.000;0.0002239642
3;0.000;0.0002239642
3;0.000;0.0002239642
3;0.000;0.0002239642
3;-1.000;0.0000000000
3;0.000;0.0002239642
3;0.000;0.0002239642
3;0.000;0.0002239642
3;0.000;0.0002239642
3;0.000;0.0002239642
3;0.000;0.0002239642
3;0.000;0.0002239642
3;0.000;0.0002239642
3;0.000;0.0002239642
3;0.000;0.0002239642
3;0.000;0.0002239642
3;0.000;0.0002239642
3;0.000;0.0002239642
3;0.000;0.0002239642
3;0.000;0.0002239642
3;0.000;0.0002239642
3;0.000;0.0002239642
3;0.000;0.0002239642
3;0.000;0.0002239642
3;0.000;0.0002239642
3;0.000;0.0002239642
3;0.000;0.0002239642
3;0.000;0.0002239642
3;0.000;0.0002239642
3;0.000;0.0002239642
3;0.000;0.0002239642
3;0.000;0.0002239642
3;0.000;0.0002239642
3;0.000;0.0002239642
3;0.000;0.0002239642
3;0.000;0.0002239642
3;0.000;0.0002239642
3;0.000;0.0002239642
3;0.000;0.0002239642
3;0.000;0.0002239642
3;0.000;0.0002239642
3;0.000;0.0002239642
3;0.000;0.0002239642
3;0.000;0.0002239642
3;0.000;0.0002239642
3;0.000;0.0002239642
3;0.000;0.0002239642
3;-nan;1.0000000000
3;0.000;0.0002239642
3;0.000;0.0002239642
3;0.000;0.0002239642
3;0.000;0.0002239642
3;0.000;0.0002239642
3;0.000;0.0002239642
3;0.000;0.0002239642
3;0.000;0.0002239642
3;0.000;0.0002239642
3;0.000;0.0002239642
3;0.000;0.0002239642
3;0.000;0.0002239642
3;0.000;0.0002239642
3;0.000;0.0002239642
3;0.000;0.0002239642
3;0.000;0.0002239642
3;0.000;0.0002239642
3;0.000;0.0002239642
3;0.000;0.0002239642
3;0.000;0.0002239642
3;0.000;0.0002239642
3;0.000;0.0002239642
4;15.300;0.9904160823
4;15.606;0.9967274427
4;15.918;0.9976624591
4;16.236;0.9990649836
4;16.561;1.0000000000
4;16.892;1.0000000000
4;17.230;1.0000000000
4;17.575;1.0000000000
4;17.926;1.0000000000
4;18.285;1.0000000000
4;18.651;1.0000000000
4;19.024;1.0000000000
4;19.404;1.0000000000
4;19.792;1.0000000000
4;20.188;1.0000000000
4;20.592;1.0000000000
4;21.004;1.0000000000
4;21.424;1.0000000000
4;21.852;1.0000000000
4;22.289;1.0000000000
4;22.735;1.0000000000
4;23.190;1.0000000000
4;23.653;1.0000000000
4;24.127;1.0000000000
4;24.609;1.0000000000
4;25.101;1.0000000000
4;25.603;1.0000000000
4;26.115;1.0000000000
4;26.638;1.0000000000
4;27.170;1.0000000000
4;27.714;1.0000000000
4;28.268;1.0000000000
4;28.833;1.0000000000
4;29.410;1.0000000000
4;29.998;1.0000000000
4;30.598;1.0000000000
4;31.210;1.0000000000
4;31.834;1.0000000000
4;32.471;1.0000000000
4;33.121;1.0000000000
4;33.783;1.0000000000
4;34.459;1.0000000000
4;35.148;1.0000000000
4;35.851;1.0000000000
4;36.568;1.0000000000
4;37.299;1.0000000000
4;38.045;1.0000000000
4;38.806;1.0000000000
4;39.582;1.0000000000
4;40.374;1.0000000000
4;41.181;1.0000000000
4;42.005;1.0000000000
4;42.845;1.0000000000
4;43.702;1.0000000000
4;44.576;1.0000000000
4;45.467;1.0000000000
4;46.377;1.0000000000
4;47.304;1.0000000000
4;48.250;1.0000000000
4;49.215;1.0000000000
4;50.200;1.0000000000
4;51.204;1.0000000000
4;52.228;1.0000000000
4;53.272;1.0000000000
4;54.338;1.0000000000
4;55.425;1.0000000000
4;56.533;1.0000000000
4;57.664;1.0000000000
4;58.817;1.0000000000
4;59.993;1.0000000000
4;61.193;1.0000000000
4;62.417;1.0000000000
4;63.665;1.0000000000
4;64.939;1.0000000000
4;66.238;1.0000000000
4;67.562;1.0000000000
4;68.914;1.0000000000
4;70.292;1.0000000000
4;0.000;0.0000000000
4;0.000;0.0000000000
4;0.000;0.0000000000
4;0.000;0.0000000000
4;0.000;0.0000000000
4;0.000;0.0000000000
4;0.000;0.0000000000
4;0.000;0.0000000000
4;0.000;0.0000000000
4;0.000;0.0000000000
4;0.000;0.0000000000
4;0.000;0.0000000000
4;0.000;0.0000000000
4;0.000;0.0000000000
4;nan;1.0000000000
4;0.000;0.0000000000
4;0.000;0.0000000000
4;0.000;0.0000000000
4;0.000;0.0000000000
4;0.000;0.0000000000
4;0.000;0.0000000000
4;0.000;0.0000000000
4;0.000;0.0000000000
4;0.000;0.0000000000
4;0.000;0.0000000000
4;0.000;0.0000000000
4;0.000;0.0000000000
4;0.000;0.0000000000
4;-1.000;0.0000000000
4;0.000;0.0000000000
4;0.000;0.0000000000
4;0.000;0.0000000000
4;0.000;0.0000000000
4;0.000;0.0000000000
4;0.000;0.0000000000
4;0.000;0.0000000000
4;0.000;0.0000000000
4;0.000;0.0000000000
4;0.000;0.0000000000
4;0.000;0.0000000000
4;0.000;0.0000000000
4;0.000;0.0000000000
4;0.000;0.0000000000
4;0.000;0.0000000000
4;0.000;0.0000000000
4;0.000;0.0000000000
4;0.000;0.0000000000
4;0.000;0.0000000000
4;0.000;0.0000000000
4;0.000;0.0000000000
4;0.000;0.0000000000
4;0.000;0.0000000000
4;0.000;0.0000000000
4;0.000;0.0000000000
4;0.000;0.0000000000
4;0.000;0.0000000000
4;0.000;0.0000000000
4;0.000;0.0000000000
4;0.000;0.0000000000
4;0.000;0.0000000000
4;0.000;0.0000000000
4;0.000;0.0000000000
4;0.000;0.0000000000
4;0.000;0.0000000000
4;0.000;0.0000000000
4;0.000;0.0000000000
4;0.000;0.0000000000
4;0.000;0.0000000000
4;0.000;0.0000000000
4;0.000;0.0000000000
4;0.000;0.0000000000
4;-nan;1.0000000000
4;0.000;0.0000000000
4;0.000;0.0000000000
4;0.000;0.0000000000
4;0.000;0.0000000000
4;0.000;0.0000000000
4;0.000;0.0000000000
4;0.000;0.0000000000
4;0.000;0.0000000000
4;0.000;0.0000000000
4;0.000;0.0000000000
4;0.000;0.0000000000
4;0.000;0.0000000000
4;0.000;0.0000000000
4;0.000;0.0000000000
4;0.000;0.0000000000
4;0.000;0.0000000000
4;0.000;0.0000000000
4;0.000;0.0000000000
4;0.000;0.0000000000
4;0.000;0.0000000000
4;0.000;0.0000000000
4;0.000;0.0000000000
5;15.300;0.9416361416
5;15.606;0.9474969475
5;15.918;0.9626373626
5;16.236;0.9780219780
5;16.561;0.9885225885
5;16.892;0.9953601954
5;17.230;0.9980463980
5;17.575;0.9995115995
5;17.926;1.0000000000
5;18.285;1.0000000000
5;18.651;1.0000000000
5;19.024;1.0000000000
5;19.404;1.0000000000
5;19.792;1.0000000000
5;20.188;1.0000000000
5;20.592;1.0000000000
5;21.004;1.0000000000
5;21.424;1.0000000000
5;21.852;1.0000000000
5;22.289;1.0000000000
5;22.735;1.0000000000
5;23.190;1.0000000000
5;23.653;1.0000000000
5;24.127;1.0000000000
5;24.609;1.0000000000
5;25.101;1.0000000000
5;25.603;1.0000000000
5;26.115;1.0000000000
5;26.638;1.0000000000
5;27.170;1.0000000000
5;27.714;1.0000000000
5;28.268;1.0000000000
5;28.833;1.0000000000
5;29.410;1.0000000000
5;29.998;1.0000000000
5;30.598;1.0000000000
5;31.210;1.0000000000
5;31.834;1.0000000000
5;32.471;1.0000000000
5;33.121;1.0000000000
5;33.783;1.0000000000
5;34.459;1.0000000000
5;35.148;1.0000000000
5;35.851;1.0000000000
5;36.568;1.0000000000
5;37.299;1.0000000000
5;38.045;1.0000000000
5;38.806;1.0000000000
5;39.582;1.0000000000
5;40.374;1.0000000000
5;41.181;1.0000000000
5;42.005;1.0000000000
5;42.845;1.0000000000
5;43.702;1.0000000000
5;44.576;1.0000000000
5;45.467;1.0000000000
5;46.377;1.0000000000
5;47.304;1.0000000000
5;48.250;1.0000000000
5;49.215;1.0000000000
5;50.200;1.0000000000
5;51.204;1.0000000000
5;52.228;1.0000000000
5;53.272;1.0000000000
5;54.338;1.0000000000
5;55.425;1.0000000000
5;56.533;1.0000000000
5;57.664;1.0000000000
5;58.817;1.0000000000
5;59.993;1.0000000000
5;61.193;1.0000000000
5;62.417;1.0000000000
5;63.665;1.0000000000
5;64.939;1.0000000000
5;66.238;1.0000000000
5;67.562;1.0000000000
5;68.914;1.0000000000
5;70.292;1.0000000000
5;0.000;0.0000000000
5;0.000;0.0000000000
5;0.000;0.0000000000
5;0.000;0.0000000000
5;0.000;0.0000000000
5;0.000;0.0000000000
5;0.000;0.0000000000
5;0.000;0.0000000000
5;0.000;0.0000000000
5;0.000;0.0000000000
5;0.000;0.0000000000
5;0.000;0.0000000000
5;0.000;0.0000000000
5;0.000;0.0000000000
5;nan;1.0000000000
5;0.000;0.0000000000
5;0.000;0.0000000000
5;0.000;0.0000000000
5;0.000;0.0000000000
5;0.000;0.0000000000
5;0.000;0.0000000000
5;0.000;0.0000000000
5;0.000;0.0000000000
5;0.000;0.0000000000
5;0.000;0.0000000000
5;0.000;0.0000000000
5;0.000;0.0000000000
5;0.000;0.0000000000
5;-1.000;0.0000000000
5;0.000;0.0000000000
5;0.000;0.0000000000
5;0.000;0.0000000000
5;0.000;0.0000000000
5;0.000;0.0000000000
5;0.000;0.0000000000
5;0.000;0.0000000000
5;0.000;0.0000000000
5;0.000;0.0000000000
5;0.000;0.0000000000
5;0.000;0.0000000000
5;0.000;0.0000000000
5;0.000;0.0000000000
5;0.000;0.0000000000
5;0.000;0.0000000000
5;0.000;0.0000000000
5;0.000;0.0000000000
5;0.000;0.0000000000
5;0.000;0.0000000000
5;0.000;0.0000000000
5;0.000;0.0000000000
5;0.000;0.0000000000
5;0.000;0.0000000000
5;0.000;0.0000000000
5;0.000;0.0000000000
5;0.000;0.0000000000
5;0.000;0.0000000000
5;0.000;0.0000000000
5;0.000;0.0000000000
5;0.000;0.0000000000
5;0.000;0.0000000000
5;0.000;0.0000000000
5;0.000;0.0000000000
5;0.000;0.0000000000
5;0.000;0.0000000000
5;0.000;0.0000000000
5;0.000;0.0000000000
5;0.000;0.0000000000
5;0.000;0.0000000000
5;0.000;0.0000000000
5;0.000;0.0000000000
5;0.000;0.0000000000
5;-nan;1.0000000000
5;0.000;0.0000000000
5;0.000;0.0000000000
5;0.000;0.0000000000
5;0.000;0.0000000000
5;0.000;0.0000000000
5;0.000;0.0000000000
5;0.000;0.0000000000
5;0.000;0.0000000000
5;0.000;0.0000000000
5;0.000;0.0000000000
5;0.000;0.0000000000
5;0.000;0.0000000000
5;0.000;0.0000000000
5;0.000;0.0000000000
5;0.000;0.0000000000
5;0.000;0.0000000000
5;0.000;0.0000000000
5;0.000;0.0000000000
5;0.000;0.0000000000
5;0.000;0.0000000000
5;0.000;0.0000000000
5;0.000;0.0000000000
6;15.300;0.9167517875
6;15.606;0.9203268641
6;15.918;0.9267109295
6;16.236;0.9325842697
6;16.561;0.9430541369
6;16.892;0.9560776302
6;17.230;0.9652706844
6;17.575;0.9841675179
6;17.926;0.9954034729
6;18.285;0.9977017365
6;18.651;0.9997446374
6;19.024;1.0000000000
6;19.404;1.0000000000
6;19.792;1.0000000000
6;20.188;1.0000000000
6;20.592;1.0000000000
6;21.004;1.0000000000
6;21.424;1.0000000000
6;21.852;1.0000000000
6;22.289;1.0000000000
6;22.735;1.0000000000
6;23.190;1.0000000000
6;23.653;1.0000000000
6;24.127;1.0000000000
6;24.609;1.0000000000
6;25.101;1.0000000000
6;25.603;1.0000000000
6;26.115;1.0000000000
6;26.638;1.0000000000
6;27.170;1.0000000000
6;27.714;1.0000000000
6;28.268;1.0000000000
6;28.833;1.0000000000
6;29.410;1.0000000000
6;29.998;1.0000000000
6;30.598;1.0000000000
6;31.210;1.0000000000
6;31.834;1.0000000000
6;32.471;1.0000000000
6;33.121;1.0000000000
6;33.783;1.0000000000
6;34.459;1.0000000000
6;35.148;1.0000000000
6;35.851;1.0000000000
6;36.568;1.0000000000
6;37.299;1.0000000000
6;38.045;1.0000000000
6;38.806;1.0000000000
6;39.582;1.0000000000
6;40.374;1.0000000000
6;41.181;1.0000000000
6;42.005;1.0000000000
6;42.845;1.0000000000
6;43.702;1.0000000000
6;44.576;1.0000000000
6;45.467;1.0000000000
6;46.377;1.0000000000
6;47.304;1.0000000000
6;48.250;1.0000000000
6;49.215;1.0000000000
6;50.200;1.0000000000
6;51.204;1.0000000000
6;52.228;1.0000000000
6;53.272;1.0000000000
6;54.338;1.0000000000
6;55.425;1.0000000000
6;56.533;1.0000000000
6;57.664;1.0000000000
6;58.817;1.0000000000
6;59.993;1.0000000000
6;61.193;1.0000000000
6;62.417;1.0000000000
6;63.665;1.0000000000
6;64.939;1.0000000000
6;66.238;1.0000000000
6;67.562;1.0000000000
6;68.914;1.0000000000
6;70.292;1.0000000000
6;0.000;0.0000000000
6;0.000;0.0000000000
6;0.000;0.0000000000
6;0.000;0.0000000000
6;0.000;0.0000000000
6;0.000;0.0000000000
6;0.000;0.0000000000
6;0.000;0.0000000000
6;0.000;0.0000000000
6;0.000;0.0000000000
6;0.000;0.0000000000
6;0.000;0.0000000000
6;0.000;0.0000000000
6;0.000;0.0000000000
6;nan;1.0000000000
6;0.000;0.0000000000
6;0.000;0.0000000000
6;0.000;0.0000000000
6;0.000;0.0000000000
6;0.000;0.0000000000
6;0.000;0.0000000000
6;0.000;0.0000000000
6;0.000;0.0000000000
6;0.000;0.0000000000
6;0.000;0.0000000000
6;0.000;0.0000000000
6;0.000;0.0000000000
6;0.000;0.0000000000
6;-1.000;0.0000000000
6;0.000;0.0000000000
6;0.000;0.0000000000
6;0.000;0.0000000000
6;0.000;0.0000000000
6;0.000;0.0000000000
6;0.000;0.0000000000
6;0.000;0.0000000000
6;0.000;0.0000000000
6;0.000;0.0000000000
6;0.000;0.0000000000
6;0.000;0.0000000000
6;0.000;0.0000000000
6;0.000;0.0000000000
6;0.000;0.0000000000
6;0.000;0.0000000000
6;0.000;0.0000000000
6;0.000;0.0000000000
6;0.000;0.0000000000
6;0.000;0.0000000000
6;0.000;0.0000000000
6;0.000;0.0000000000
6;0.000;0.0000000000
6;0.000;0.0000000000
6;0.000;0.0000000000
6;0.000;0.0000000000
6;0.000;0.0000000000
6;0.000;0.0000000000
6;0.000;0.0000000000
6;0.000;0.0000000000
6;0.000;0.0000000000
6;0.000;0.0000000000
6;0.000;0.0000000000
6;0.000;0.0000000000
6;0.000;0.0000000000
6;0.000;0.0000000000
6;0.000;0.0000000000
6;0.000;0.0000000000
6;0.000;0.0000000000
6;0.000;0.0000000000
6;0.000;0.0000000000
6;0.000;0.0000000000
6;0.000;0.0000000000
6;-nan;1.0000000000
6;0.000;0.0000000000
6;0.000;0.0000000000
6;0.000;0.0000000000
6;0.000;0.0000000000
6;0.000;0.0000000000
6;0.000;0.0000000000
6;0.000;0.0000000000
6;0.000;0.0000000000
6;0.000;0.0000000000
6;0.000;0.0000000000
6;0.000;0.0000000000
6;0.000;0.0000000000
6;0.000;0.0000000000
6;0.000;0.0000000000
6;0.000;0.0000000000
6;0.000;0.0000000000
6;0.000;0.0000000000
6;0.000;0.0000000000
6;0.000;0.0000000000
6;0.000;0.0000000000
6;0.000;0.0000000000
6;0.000;0.0000000000
7;15.300;0.8826516974
7;15.606;0.8920074846
7;15.918;0.9021651965
7;16.236;0.9067094360
7;16.561;0.9149959904
7;16.892;0.9222133119
7;17.230;0.9334402566
7;17.575;0.9454691259
7;17.926;0.9550922213
7;18.285;0.9721999465
7;18.651;0.9860999733
7;19.024;0.9943865277
7;19.404;0.9983961508
7;19.792;0.9994653836
7;20.188;1.0000000000
7;20.592;1.0000000000
7;21.004;1.0000000000
7;21.424;1.0000000000
7;21.852;1.0000000000
7;22.289;1.0000000000
7;22.735;1.0000000000
7;23.190;1.0000000000
7;23.653;1.0000000000
7;24.127;1.0000000000
7;24.609;1.0000000000
7;25.101;1.0000000000
7;25.603;1.0000000000
7;26.115;1.0000000000
7;26.638;1.0000000000
7;27.170;1.0000000000
7;27.714;1.0000000000
7;28.268;1.0000000000
7;28.833;1.0000000000
7;29.410;1.0000000000
7;29.998;1.0000000000
7;30.598;1.0000000000
7;31.210;1.0000000000
7;31.834;1.0000000000
7;32.471;1.0000000000
7;33.121;1.0000000000
7;33.783;1.0000000000
7;34.459;1.0000000000
7;35.148;1.0000000000
7;35.851;1.0000000000
7;36.568;1.0000000000
7;37.299;1.0000000000
7;38.045;1.0000000000
7;38.806;1.0000000000
7;39.582;1.0000000000
7;40.374;1.0000000000
7;41.181;1.0000000000
7;42.005;1.0000000000
7;42.845;1.0000000000
7;43.702;1.0000000000
7;44.576;1.0000000000
7;45.467;1.0000000000
7;46.377;1.0000000000
7;47.304;1.0000000000
7;48.250;1.0000000000
7;49.215;1.0000000000
7;50.200;1.0000000000
7;51.204;1.0000000000
7;52.228;1.0000000000
7;53.272;1.0000000000
7;54.338;1.0000000000
7;55.425;1.0000000000
7;56.533;1.0000000000
7;57.664;1.0000000000
7;58.817;1.0000000000
7;59.993;1.0000000000
7;61.193;1.0000000000
7;62.417;1.0000000000
7;63.665;1.0000000000
7;64.939;1.0000000000
7;66.238;1.0000000000
7;67.562;1.0000000000
7;68.914;1.0000000000
7;70.292;1.0000000000
7;0.000;0.0000000000
7;0.000;0.0000000000
7;0.000;0.0000000000
7;0.000;0.0000000000
7;0.000;0.0000000000
7;0.000;0.0000000000
7;0.000;0.0000000000
7;0.000;0.0000000000
7;0.000;0.0000000000
7;0.000;0.0000000000
7;0.000;0.0000000000
7;0.000;0.0000000000
7;0.000;0.0000000000
7;0.000;0.0000000000
7;nan;1.0000000000
7;0.000;0.0000000000
7;0.000;0.0000000000
7;0.000;0.0000000000
7;0.000;0.0000000000
7;0.000;0.0000000000
7;0.000;0.0000000000
7;0.000;0.0000000000
7;0.000;0.0000000000
7;0.000;0.0000000000
7;0.000;0.0000000000
7;0.000;0.0000000000
7;0.000;0.0000000000
7;0.000;0.0000000000
7;-1.000;0.0000000000
7;0.000;0.0000000000
7;0.000;0.0000000000
7;0.000;0.0000000000
7;0.000;0.0000000000
7;0.000;0.0000000000
7;0.000;0.0000000000
7;0.000;0.0000000000
7;0.000;0.0000000000
7;0.000;0.0000000000
7;0.000;0.0000000000
7;0.000;0.0000000000
7;0.000;0.0000000000
7;0.000;0.0000000000
7;0.000;0.0000000000
7;0.000;0.0000000000
7;0.000;0.0000000000
7;0.000;0.0000000000
7;0.000;0.0000000000
7;0.000;0.0000000000
7;0.000;0.0000000000
7;0.000;0.0000000000
7;0.000;0.0000000000
7;0.000;0.0000000000
7;0.000;0.0000000000
7;0.000;0.0000000000
7;0.000;0.0000000000
7;0.000;0.0000000000
7;0.000;0.0000000000
7;0.000;0.0000000000
7;0.000;0.0000000000
7;0.000;0.0000000000
7;0.000;0.0000000000
7;0.000;0.0000000000
7;0.000;0.0000000000
7;0.000;0.0000000000
7;0.000;0.0000000000
7;0.000;0.0000000000
7;0.000;0.0000000000
7;0.000;0.0000000000
7;0.000;0.0000000000
7;0.000;0.0000000000
7;0.000;0.0000000000
7;-nan;1.0000000000
7;0.000;0.0000000000
7;0.000;0.0000000000
7;0.000;0.0000000000
7;0.000;0.0000000000
7;0.000;0.0000000000
7;0.000;0.0000000000
7;0.000;0.0000000000
7;0.000;0.0000000000
7;0.000;0.0000000000
7;0.000;0.0000000000
7;0.000;0.0000000000
7;0.000;0.0000000000
7;0.000;0.0000000000
7;0.000;0.0000000000
7;0.000;0.0000000000
7;0.000;0.0000000000
7;0.000;0.0000000000
7;0.000;0.0000000000
7;0.000;0.0000000000
7;0.000;0.0000000000
7;0.000;0.0000000000
7;0.000;0.0000000000
8;15.300;0.8563025210
8;15.606;0.8641456583
8;15.918;0.8711484594
8;16.236;0.8837535014
8;16.561;0.8899159664
8;16.892;0.8985994398
8;17.230;0.9039215686
8;17.575;0.9137254902
8;17.926;0.9268907563
8;18.285;0.9400560224
8;18.651;0.9526610644
8;19.024;0.9686274510
8;19.404;0.9803921569
8;19.792;0.9921568627
8;20.188;0.9983193277
8;20.592;1.0000000000
8;21.004;1.0000000000
8;21.424;1.0000000000
8;21.852;1.0000000000
8;22.289;1.0000000000
8;22.735;1.0000000000
8;23.190;1.0000000000
8;23.653;1.0000000000
8;24.127;1.0000000000
8;24.609;1.0000000000
8;25.101;1.0000000000
8;25.603;1.0000000000
8;26.115;1.0000000000
8;26.638;1.0000000000
8;27.170;1.0000000000
8;27.714;1.0000000000
8;28.268;1.0000000000
8;28.833;1.0000000000
8;29.410;1.0000000000
8;29.998;1.0000000000
8;30.598;1.0000000000
8;31.210;1.0000000000
8;31.834;1.0000000000
8;32.471;1.0000000000
8;33.121;1.0000000000
8;33.783;1.0000000000
8;34.459;1.0000000000
8;35.148;1.0000000000
8;35.851;1.0000000000
8;36.568;1.0000000000
8;37.299;1.0000000000
8;38.045;1.0000000000
8;38.806;1.0000000000
8;39.582;1.0000000000
8;40.374;1.0000000000
8;41.181;1.0000000000
8;42.005;1.0000000000
8;42.845;1.0000000000
8;43.702;1.0000000000
8;44.576;1.0000000000
8;45.467;1.0000000000
8;46.377;1.0000000000
8;47.304;1.0000000000
8;48.250;1.0000000000
8;49.215;1.0000000000
8;50.200;1.0000000000
8;51.204;1.0000000000
8;52.228;1.0000000000
8;53.272;1.0000000000
8;54.338;1.0000000000
8;55.425;1.0000000000
8;56.533;1.0000000000
8;57.664;1.0000000000
8;58.817;1.0000000000
8;59.993;1.0000000000
8;61.193;1.0000000000
8;62.417;1.0000000000
8;63.665;1.0000000000
8;64.939;1.0000000000
8;66.238;1.0000000000
8;67.562;1.0000000000
8;68.914;1.0000000000
8;70.292;1.0000000000
8;0.000;0.0000000000
8;0.000;0.0000000000
8;0.000;0.0000000000
8;0.000;0.0000000000
8;0.000;0.0000000000
8;0.000;0.0000000000
8;0.000;0.0000000000
8;0.000;0.0000000000
8;0.000;0.0000000000
8;0.000;0.0000000000
8;0.000;0.0000000000
8;0.000;0.0000000000
8;0.000;0.0000000000
8;0.000;0.0000000000
8;nan;1.0000000000
8;0.000;0.0000000000
8;0.000;0.0000000000
8;0.000;0.0000000000
8;0.000;0.0000000000
8;0.000;0.0000000000
8;0.000;0.0000000000
8;0.000;0.0000000000
8;0.000;0.0000000000
8;0.000;0.0000000000
8;0.000;0.0000000000
8;0.000;0.0000000000
8;0.000;0.0000000000
8;0.000;0.0000000000
8;-1.000;0.0000000000
8;0.000;0.0000000000
8;0.000;0.0000000000
8;0.000;0.0000000000
8;0.000;0.0000000000
8;0.000;0.0000000000
8;0.000;0.0000000000
8;0.000;0.0000000000
8;0.000;0.0000000000
8;0.000;0.0000000000
8;0.000;0.0000000000
8;0.000;0.0000000000
8;0.000;0.0000000000
8;0.000;0.0000000000
8;0.000;0.0000000000
8;0.000;0.0000000000
8;0.000;0.0000000000
8;0.000;0.0000000000
8;0.000;0.0000000000
8;0.000;0.0000000000
8;0.000;0.0000000000
8;0.000;0.0000000000
8;0.000;0.0000000000
8;0.000;0.0000000000
8;0.000;0.0000000000
8;0.000;0.0000000000
8;0.000;0.0000000000
8;0.000;0.0000000000
8;0.000;0.0000000000
8;0.000;0.0000000000
8;0.000;0.0000000000
8;0.000;0.0000000000
8;0.000;0.0000000000
8;0.000;0.0000000000
8;0.000;0.0000000000
8;0.000;0.0000000000
8;0.000;0.0000000000
8;0.000;0.0000000000
8;0.000;0.0000000000
8;0.000;0.0000000000
8;0.000;0.0000000000
8;0.000;0.0000000000
8;0.000;0.0000000000
8;-nan;1.0000000000
8;0.000;0.0000000000
8;0.000;0.0000000000
8;0.000;0.0000000000
8;0.000;0.0000000000
8;0.000;0.0000000000
8;0.000;0.0000000000
8;0.000;0.0000000000
8;0.000;0.0000000000
8;0.000;0.0000000000
8;0.000;0.0000000000
8;0.000;0.0000000000
8;0.000;0.0000000000
8;0.000;0.0000000000
8;0.000;0.0000000000
8;0.000;0.0000000000
8;0.000;0.0000000000
8;0.000;0.0000000000
8;0.000;0.0000000000
8;0.000;0.0000000000
8;0.000;0.0000000000
8;0.000;0.0000000000
8;0.000;0.0000000000
