3;1.01;0.06230847803881512
3;1.02;0.06230847803881512
3;1.03;0.06230847803881512
3;1.04;0.07048008171603677
3;1.05;0.07048008171603677
3;1.06;0.07048008171603677
3;1.07;0.07482124616956078
3;1.08;0.07482124616956078
3;1.09;0.07635342185903984
3;1.1;0.07635342185903984
3;1.11;0.07635342185903984
3;1.12;0.07865168539325842
3;1.13;0.07865168539325842
3;1.14;0.07865168539325842
3;1.15;0.0822267620020429
3;1.16;0.0822267620020429
3;1.17;0.0822267620020429
3;1.18;0.0845250255362615
3;1.19;0.0845250255362615
3;1.2;0.0845250255362615
3;1.21;0.0845250255362615
3;1.22;0.0845250255362615
3;1.23;0.08835546475995915
3;1.24;0.08835546475995915
3;1.25;0.09193054136874362
3;1.26;0.09193054136874362
3;1.27;0.09193054136874362
3;1.28;0.09729315628192033
3;1.29;0.09729315628192033
3;1.3;0.09908069458631256
3;1.31;0.09908069458631256
3;1.32;0.09908069458631256
3;1.33;0.09908069458631256
3;1.34;0.09908069458631256
3;1.35;0.1031664964249234
3;1.36;0.1031664964249234
3;1.37;0.10597548518896834
3;1.38;0.10597548518896834
3;1.39;0.10597548518896834
3;1.4;0.10597548518896834
3;1.41;0.10597548518896834
3;1.42;0.10776302349336057
3;1.43;0.10776302349336057
3;1.44;0.10929519918283964
3;1.45;0.10929519918283964
3;1.46;0.11210418794688458
3;1.47;0.11210418794688458
3;1.48;0.11389172625127682
3;1.49;0.11389172625127682
3;1.5;0.1151685393258427
3;1.52;0.1151685393258427
3;1.54;0.11618998978549541
3;1.56;0.11823289070480082
3;1.58;0.11823289070480082
3;1.6;0.11976506639427988
3;1.62;0.12487231869254342
3;1.64;0.1274259448416752
3;1.66;0.12768130745658837
3;1.68;0.12997957099080695
3;1.7;0.13074565883554648
3;1.72;0.13074565883554648
3;1.74;0.13100102145045966
3;1.76;0.13304392236976506
3;1.78;0.13585291113381
3;1.8;0.13687436159346272
3;1.82;0.13738508682328907
3;1.84;0.14300306435137897
3;1.86;0.14300306435137897
3;1.88;0.1435137895812053
3;1.9;0.14504596527068436
3;1.92;0.14581205311542392
3;1.94;0.14734422880490297
3;1.96;0.1481103166496425
3;1.98;0.14964249233912155
3;2.0;0.15040858018386108
3;2.02;0.1524514811031665
3;2.04;0.15500510725229827
3;2.06;0.15526046986721145
3;2.08;0.15806945863125638
3;2.1;0.15985699693564862
3;2.12;0.15985699693564862
3;2.14;0.16215526046986722
3;2.16;0.1634320735444331
3;2.18;0.1644535240040858
3;2.2;0.16624106230847804
3;2.22;0.16726251276813076
3;2.24;0.1677732379979571
3;2.26;0.17032686414708886
3;2.28;0.17466802860061287
3;2.3;0.1754341164453524
3;2.32;0.18028600612870277
3;2.34;0.18028600612870277
3;2.36;0.18513789581205312
3;2.38;0.186414708886619
3;2.4;0.18667007150153217
3;2.42;0.18820224719101125
3;2.44;0.1897344228804903
3;2.46;0.19050051072522983
3;2.48;0.19330949948927478
3;2.5;0.1943309499489275
3;2.52;0.19943820224719103
3;2.55;0.20377936670071503
3;2.58;0.20786516853932585
3;2.61;0.20888661899897856
3;2.64;0.21220633299284986
3;2.67;0.2139938712972421
3;2.7;0.21475995914198162
3;2.73;0.21859039836567928
3;2.76;0.2213993871297242
3;2.79;0.2257405515832482
3;2.82;0.23263534218590398
3;2.85;0.23391215526046988
3;2.88;0.2379979570990807
3;2.91;0.241317671092952
3;2.94;0.24438202247191013
3;2.97;0.2466802860061287
3;3.0;0.24744637385086823
3;3.03;0.2512768130745659
3;3.06;0.2556179775280899
3;3.09;0.25817160367722164
3;3.12;0.26276813074565886
3;3.15;0.26404494382022475
3;3.18;0.2676200204290092
3;3.21;0.2704290091930541
3;3.24;0.27247191011235955
3;3.27;0.27706843718079677
3;3.3;0.27936670071501535
3;3.33;0.2806435137895812
3;3.36;0.2844739530132789
3;3.39;0.2870275791624106
3;3.42;0.29162410623084783
3;3.45;0.2939223697650664
3;3.48;0.29443309499489273
3;3.51;0.2997957099080695
3;3.55;0.3041368743615935
3;3.59;0.3115423901940756
3;3.63;0.31511746680286007
3;3.67;0.3184371807967314
3;3.71;0.3202247191011236
3;3.75;0.32533197139938713
3;3.79;0.3278855975485189
3;3.83;0.33350357507660877
3;3.87;0.33656792645556693
3;3.91;0.34269662921348315
3;3.95;0.34831460674157305
3;3.99;0.35367722165474974
3;4.03;0.3552093973442288
3;4.07;0.3608273748723187
3;4.11;0.36618998978549544
3;4.15;0.3677221654749745
3;4.19;0.37053115423901944
3;4.23;0.37665985699693566
3;4.27;0.379979570990807
3;4.31;0.3850868232890705
3;4.35;0.38891726251276815
3;4.39;0.3947906026557712
3;4.43;0.3981103166496425
3;4.47;0.4039836567926456
3;4.51;0.40858018386108275
3;4.56;0.41394279877425944
3;4.61;0.4170071501532176
3;4.66;0.42083758937691523
3;4.71;0.4256894790602656
3;4.76;0.4305413687436159
3;4.81;0.436414708886619
3;4.86;0.44382022471910115
3;4.91;0.44790602655771194
3;4.96;0.4527579162410623
3;5.01;0.45684371807967317
3;5.06;0.46348314606741575
3;5.11;0.4706332992849847
3;5.16;0.47625127681307455
3;5.21;0.48059244126659856
3;5.26;0.48876404494382025
3;5.31;0.49310520939734426
3;5.36;0.4977017364657814
3;5.41;0.501532175689479
3;5.46;0.5058733401430031
3;5.51;0.5117466802860061
3;5.57;0.5196629213483146
3;5.63;0.526046986721144
3;5.69;0.5303881511746681
3;5.75;0.5372829417773238
3;5.81;0.5416241062308478
3;5.87;0.5480081716036772
3;5.93;0.5538815117466803
3;5.99;0.559244126659857
3;6.05;0.5635852911133811
3;6.11;0.5694586312563841
3;6.17;0.5737997957099081
3;6.23;0.5804392236976507
3;6.29;0.5868232890704801
3;6.35;0.5906537282941777
3;6.41;0.5957609805924413
3;6.47;0.601123595505618
3;6.53;0.6064862104187947
3;6.6;0.6128702757916241
3;6.67;0.6207865168539326
3;6.74;0.6299795709908069
3;6.81;0.63585291113381
3;6.88;0.6412155260469867
3;6.95;0.6491317671092952
3;7.02;0.6570480081716037
3;7.09;0.6629213483146068
3;7.16;0.6695607763023493
3;7.23;0.6759448416751788
3;7.3;0.6843718079673136
3;7.37;0.6910112359550562
3;7.44;0.697906026557712
3;7.51;0.7042900919305414
3;7.59;0.7147599591419816
3;7.67;0.7242083758937692
3;7.75;0.7331460674157304
3;7.83;0.7408069458631257
3;7.91;0.7477017364657814
3;7.99;0.7548518896833504
3;8.07;0.7625127681307456
3;8.15;0.7681307456588355
3;8.23;0.7740040858018387
3;8.31;0.7791113381001021
3;8.39;0.7854954034729316
3;8.47;0.7921348314606742
3;8.55;0.7972420837589377
3;8.64;0.7997957099080695
3;8.73;0.8049029622063331
3;8.82;0.8094994892747702
3;8.91;0.8123084780388151
3;9.0;0.8174157303370787
3;9.09;0.8227783452502554
3;9.18;0.8255873340143003
3;9.27;0.8312053115423902
3;9.36;0.8365679264555669
3;9.45;0.8406537282941777
3;9.54;0.8442288049029623
3;9.64;0.8493360572012257
3;9.74;0.8539325842696629
3;9.84;0.8580183861082737
3;9.94;0.8636363636363636
3;10.04;0.868488253319714
3;10.14;0.8730847803881512
3;10.24;0.8789581205311543
3;10.34;0.884320735444331
3;10.44;0.8899387129724209
3;10.54;0.8970888661899898
3;10.65;0.9044943820224719
3;10.76;0.908835546475996
3;10.87;0.9157303370786517
3;10.98;0.9218590398365679
3;11.09;0.9287538304392238
3;11.2;0.9341164453524005
3;11.31;0.9389683350357508
3;11.42;0.9438202247191011
3;11.53;0.9489274770173647
3;11.65;0.9540347293156283
3;11.77;0.9601634320735445
3;11.89;0.9650153217568949
3;12.01;0.9706332992849848
3;12.13;0.9747191011235955
3;12.25;0.9780388151174668
3;12.37;0.982635342185904
3;12.49;0.9882533197139939
3;12.61;0.9902962206332994
3;12.74;0.992849846782431
3;12.87;0.9948927477017365
3;13.0;0.9959141981613892
3;13.13;0.998467824310521
3;13.26;0.9987231869254342
3;13.39;0.9992339121552605
3;13.52;0.9997446373850869
3;13.66;0.9997446373850869
3;13.8;1.0
3;13.94;1.0
3;14.08;1.0
3;14.22;1.0
3;14.36;1.0
3;14.5;1.0
3;14.64;1.0
3;14.79;1.0
3;14.94;1.0
3;15.09;1.0
3;15.24;1.0
3;15.39;1.0
3;15.54;1.0
3;15.7;1.0
3;15.86;1.0
3;16.02;1.0
3;16.18;1.0
3;16.34;1.0
3;16.5;1.0
3;16.66;1.0
3;16.83;1.0
3;17.0;1.0
3;17.17;1.0
3;17.34;1.0
3;17.51;1.0
3;17.69;1.0
3;17.87;1.0
3;18.05;1.0
3;18.23;1.0
3;18.41;1.0
3;18.59;1.0
3;18.78;1.0
3;18.97;1.0
3;19.16;1.0
3;19.35;1.0
3;19.54;1.0
3;19.74;1.0
3;19.94;1.0
3;20.14;1.0
3;20.34;1.0
3;20.54;1.0
3;20.75;1.0
3;20.96;1.0
3;21.17;1.0
3;21.38;1.0
3;21.59;1.0
3;21.81;1.0
3;22.03;1.0
3;22.25;1.0
3;22.47;1.0
3;22.69;1.0
3;22.92;1.0
3;23.15;1.0
3;23.38;1.0
3;23.61;1.0
3;23.85;1.0
3;24.09;1.0
3;24.33;1.0
3;24.57;1.0
3;24.82;1.0
3;25.07;1.0
3;25.32;1.0
3;25.57;1.0
3;25.83;1.0
3;26.09;1.0
3;26.35;1.0
3;26.61;1.0
3;26.88;1.0
3;27.15;1.0
3;27.42;1.0
3;27.69;1.0
3;27.97;1.0
3;28.25;1.0
3;28.53;1.0
3;28.82;1.0
3;29.11;1.0
3;29.4;1.0
3;29.69;1.0
3;29.99;1.0
3;30.29;1.0
4;1.01;0.03155479059093517
4;1.02;0.03155479059093517
4;1.03;0.03155479059093517
4;1.04;0.034710269650028686
4;1.05;0.034710269650028686
4;1.06;0.034710269650028686
4;1.07;0.03729202524383247
4;1.08;0.03729202524383247
4;1.09;0.03843947217441193
4;1.1;0.03843947217441193
4;1.11;0.03843947217441193
4;1.12;0.03930005737234653
4;1.13;0.03930005737234653
4;1.14;0.03930005737234653
4;1.15;0.04159495123350545
4;1.16;0.04159495123350545
4;1.17;0.04159495123350545
4;1.18;0.04388984509466437
4;1.19;0.04388984509466437
4;1.2;0.04618473895582329
4;1.21;0.04618473895582329
4;1.22;0.04618473895582329
4;1.23;0.04675846242111302
4;1.24;0.04675846242111302
4;1.25;0.04962707974756167
4;1.26;0.04962707974756167
4;1.27;0.04962707974756167
4;1.28;0.05393000573723465
4;1.29;0.05393000573723465
4;1.3;0.05565117613310384
4;1.31;0.05565117613310384
4;1.32;0.05565117613310384
4;1.33;0.05737234652897303
4;1.34;0.05737234652897303
4;1.35;0.05966724039013195
4;1.36;0.05966724039013195
4;1.37;0.0625358577165806
4;1.38;0.0625358577165806
4;1.39;0.0625358577165806
4;1.4;0.06282271944922546
4;1.41;0.06282271944922546
4;1.42;0.0633964429145152
4;1.43;0.0633964429145152
4;1.44;0.06626506024096385
4;1.45;0.06626506024096385
4;1.46;0.06798623063683304
4;1.47;0.06798623063683304
4;1.48;0.06970740103270223
4;1.49;0.06970740103270223
4;1.5;0.07056798623063683
4;1.52;0.07056798623063683
4;1.54;0.07085484796328169
4;1.56;0.07314974182444062
4;1.58;0.07487091222030981
4;1.6;0.07544463568559953
4;1.62;0.07716580608146872
4;1.64;0.08118187033849683
4;1.66;0.08204245553643143
4;1.68;0.0831899024670109
4;1.7;0.08519793459552495
4;1.72;0.08577165806081467
4;1.74;0.08577165806081467
4;1.76;0.08691910499139414
4;1.78;0.087205966724039
4;1.8;0.0880665519219736
4;1.82;0.08835341365461846
4;1.84;0.0897877223178428
4;1.86;0.09093516924842225
4;1.88;0.09179575444635685
4;1.9;0.09236947791164658
4;1.92;0.09265633964429144
4;1.94;0.09437751004016064
4;1.96;0.09437751004016064
4;1.98;0.09437751004016064
4;2.0;0.09495123350545036
4;2.02;0.09581181870338495
4;2.04;0.09781985083189902
4;2.06;0.09839357429718874
4;2.08;0.09868043602983362
4;2.1;0.09925415949512334
4;2.12;0.09925415949512334
4;2.14;0.10011474469305794
4;2.16;0.10154905335628227
4;2.18;0.10240963855421686
4;2.2;0.10269650028686172
4;2.22;0.10384394721744118
4;2.24;0.10470453241537578
4;2.26;0.10499139414802064
4;2.28;0.10728628800917957
4;2.3;0.10843373493975902
4;2.32;0.11216293746414227
4;2.34;0.1135972461273666
4;2.36;0.1153184165232358
4;2.38;0.11732644865174985
4;2.4;0.11761331038439471
4;2.42;0.11818703384968444
4;2.44;0.11962134251290876
4;2.46;0.11962134251290876
4;2.48;0.12220309810671255
4;2.5;0.12335054503729201
4;2.52;0.12449799196787148
4;2.55;0.1267928858290304
4;2.58;0.1316695352839931
4;2.61;0.13396442914515203
4;2.64;0.13769363166953527
4;2.67;0.13970166379804932
4;2.7;0.14027538726333905
4;2.73;0.14457831325301204
4;2.76;0.14543889845094662
4;2.79;0.14716006884681582
4;2.82;0.15117613310384392
4;2.85;0.15174985656913367
4;2.88;0.15691336775674122
4;2.91;0.16006884681583475
4;2.94;0.16179001721170394
4;2.97;0.1646586345381526
4;3.0;0.16695352839931152
4;3.03;0.1686746987951807
4;3.06;0.17183017785427424
4;3.09;0.17412507171543315
4;3.12;0.1778542742398164
4;3.15;0.18158347676419964
4;3.18;0.18330464716006883
4;3.21;0.18502581755593803
4;3.24;0.18732071141709694
4;3.27;0.1919104991394148
4;3.3;0.19305794606999424
4;3.33;0.19650028686173263
4;3.36;0.1993689041881813
4;3.39;0.20022948938611587
4;3.42;0.20539300057372345
4;3.45;0.2074010327022375
4;3.48;0.20826161790017209
4;3.51;0.21055651176133103
4;3.55;0.21629374641422833
4;3.59;0.22375215146299482
4;3.63;0.22776821572002293
4;3.67;0.23092369477911645
4;3.71;0.23264486517498564
4;3.75;0.23666092943201375
4;3.79;0.24239816408491105
4;3.83;0.24584050487664943
4;3.87;0.2501434308663224
4;3.91;0.2550200803212851
4;3.95;0.2593230063109581
4;3.99;0.2636259323006311
4;4.03;0.26620768789443483
4;4.07;0.26936316695352835
4;4.11;0.27452667814113596
4;4.15;0.27682157200229485
4;4.19;0.27854274239816407
4;4.23;0.2831325301204819
4;4.27;0.28542742398164084
4;4.31;0.2897303499713138
4;4.35;0.2937464142283419
4;4.39;0.29747561675272516
4;4.43;0.30149168100975327
4;4.47;0.30550774526678137
4;4.51;0.3095238095238095
4;4.56;0.31899024670109005
4;4.61;0.32300631095811816
4;4.66;0.32644865174985654
4;4.71;0.3321858864027538
4;4.76;0.3367756741250717
4;4.81;0.3430866322432587
4;4.86;0.3476764199655766
4;4.91;0.3528399311531841
4;4.96;0.36144578313253006
4;5.01;0.3686173264486517
4;5.06;0.3746414228341939
4;5.11;0.3818129661503155
4;5.16;0.38755020080321284
4;5.21;0.39300057372346525
4;5.26;0.39959839357429716
4;5.31;0.4056224899598393
4;5.36;0.40935169248422254
4;5.41;0.4130808950086058
4;5.46;0.41795754446356853
4;5.51;0.4213998852553069
4;5.57;0.4288582903040734
4;5.63;0.4343086632243258
4;5.69;0.44262765347102695
4;5.75;0.44893861158921394
4;5.81;0.45467584624211127
4;5.87;0.4601262191623637
4;5.93;0.4684452094090648
4;5.99;0.470166379804934
4;6.05;0.4747561675272518
4;6.11;0.480780263912794
4;6.17;0.48594377510040154
4;6.23;0.49196787148594373
4;6.29;0.4982788296041308
4;6.35;0.5028686173264486
4;6.41;0.5077452667814113
4;6.47;0.5131956397016637
4;6.53;0.5183591508892713
4;6.6;0.5218014916810098
4;6.67;0.5292598967297762
4;6.74;0.5344234079173837
4;6.81;0.5413080895008605
4;6.88;0.5456110154905335
4;6.95;0.5530694205393
4;7.02;0.5573723465289729
4;7.09;0.5622489959839357
4;7.16;0.5676993689041882
4;7.23;0.57429718875502
4;7.3;0.5788869764773379
4;7.37;0.5823293172690762
4;7.44;0.5874928284566838
4;7.51;0.5920826161790017
4;7.59;0.5975329890992541
4;7.67;0.604130808950086
4;7.75;0.6098680436029833
4;7.83;0.6167527251864601
4;7.91;0.6247848537005163
4;7.99;0.6322432587492828
4;8.07;0.6419965576592082
4;8.15;0.6497418244406196
4;8.23;0.655192197360872
4;8.31;0.6612162937464142
4;8.39;0.6669535283993114
4;8.47;0.6709695926563396
4;8.55;0.6769936890418817
4;8.64;0.6841652323580034
4;8.73;0.6921973608720596
4;8.82;0.7008032128514056
4;8.91;0.7082616179001721
4;9.0;0.7160068846815835
4;9.09;0.72346528973035
4;9.18;0.7289156626506024
4;9.27;0.7355134825014342
4;9.36;0.7406769936890418
4;9.45;0.7469879518072289
4;9.54;0.7532989099254159
4;9.64;0.7576018359150889
4;9.74;0.7650602409638554
4;9.84;0.772231784279977
4;9.94;0.7782558806655191
4;10.04;0.7874354561101549
4;10.14;0.7943201376936316
4;10.24;0.7986230636833046
4;10.34;0.8032128514056224
4;10.44;0.8103843947217441
4;10.54;0.8164084911072862
4;10.65;0.8250143430866321
4;10.76;0.8316121629374641
4;10.87;0.8373493975903614
4;10.98;0.8459552495697074
4;11.09;0.855134825014343
4;11.2;0.8623063683304646
4;11.31;0.8683304647160068
4;11.42;0.8749282845668387
4;11.53;0.8826735513482501
4;11.65;0.8884107860011473
4;11.77;0.8950086058519793
4;11.89;0.9021801491681009
4;12.01;0.9070567986230637
4;12.13;0.9162363740676993
4;12.25;0.9228341939185312
4;12.37;0.9288582903040733
4;12.49;0.9340218014916809
4;12.61;0.942340791738382
4;12.74;0.9495123350545036
4;12.87;0.9552495697074009
4;13.0;0.9632816982214571
4;13.13;0.9695926563396442
4;13.26;0.9759036144578312
4;13.39;0.9793459552495696
4;13.52;0.9839357429718875
4;13.66;0.9896729776247848
4;13.8;0.993402180149168
4;13.94;0.9956970740103269
4;14.08;0.997705106138841
4;14.22;0.9985656913367755
4;14.36;0.9994262765347102
4;14.5;0.9999999999999999
4;14.64;0.9999999999999999
4;14.79;0.9999999999999999
4;14.94;0.9999999999999999
4;15.09;0.9999999999999999
4;15.24;0.9999999999999999
4;15.39;0.9999999999999999
4;15.54;0.9999999999999999
4;15.7;0.9999999999999999
4;15.86;0.9999999999999999
4;16.02;0.9999999999999999
4;16.18;0.9999999999999999
4;16.34;0.9999999999999999
4;16.5;0.9999999999999999
4;16.66;0.9999999999999999
4;16.83;0.9999999999999999
4;17.0;0.9999999999999999
4;17.17;0.9999999999999999
4;17.34;0.9999999999999999
4;17.51;0.9999999999999999
4;17.69;0.9999999999999999
4;17.87;0.9999999999999999
4;18.05;0.9999999999999999
4;18.23;0.9999999999999999
4;18.41;0.9999999999999999
4;18.59;0.9999999999999999
4;18.78;0.9999999999999999
4;18.97;0.9999999999999999
4;19.16;0.9999999999999999
4;19.35;0.9999999999999999
4;19.54;0.9999999999999999
4;19.74;0.9999999999999999
4;19.94;0.9999999999999999
4;20.14;0.9999999999999999
4;20.34;0.9999999999999999
4;20.54;0.9999999999999999
4;20.75;0.9999999999999999
4;20.96;0.9999999999999999
4;21.17;0.9999999999999999
4;21.38;0.9999999999999999
4;21.59;0.9999999999999999
4;21.81;0.9999999999999999
4;22.03;0.9999999999999999
4;22.25;0.9999999999999999
4;22.47;0.9999999999999999
4;22.69;0.9999999999999999
4;22.92;0.9999999999999999
4;23.15;0.9999999999999999
4;23.38;0.9999999999999999
4;23.61;0.9999999999999999
4;23.85;0.9999999999999999
4;24.09;0.9999999999999999
4;24.33;0.9999999999999999
4;24.57;0.9999999999999999
4;24.82;0.9999999999999999
4;25.07;0.9999999999999999
4;25.32;0.9999999999999999
4;25.57;0.9999999999999999
4;25.83;0.9999999999999999
4;26.09;0.9999999999999999
4;26.35;0.9999999999999999
4;26.61;0.9999999999999999
4;26.88;0.9999999999999999
4;27.15;0.9999999999999999
4;27.42;0.9999999999999999
4;27.69;0.9999999999999999
4;27.97;0.9999999999999999
4;28.25;0.9999999999999999
4;28.53;0.9999999999999999
4;28.82;0.9999999999999999
4;29.11;0.9999999999999999
4;29.4;0.9999999999999999
4;29.69;0.9999999999999999
4;29.99;0.9999999999999999
4;30.29;0.9999999999999999
5;1.01;0.017526777020447908
5;1.02;0.017526777020447908
5;1.03;0.017526777020447908
5;1.04;0.018500486854917234
5;1.05;0.018500486854917234
5;1.06;0.018500486854917234
5;1.07;0.01947419668938656
5;1.08;0.01947419668938656
5;1.09;0.019798766634209673
5;1.1;0.019798766634209673
5;1.11;0.019798766634209673
5;1.12;0.019798766634209673
5;1.13;0.019798766634209673
5;1.14;0.019798766634209673
5;1.15;0.020772476468679
5;1.16;0.020772476468679
5;1.17;0.020772476468679
5;1.18;0.023044466082440766
5;1.19;0.023044466082440766
5;1.2;0.023693605972086983
5;1.21;0.023693605972086983
5;1.22;0.023693605972086983
5;1.23;0.024667315806556313
5;1.24;0.024667315806556313
5;1.25;0.02596559558584875
5;1.26;0.02596559558584875
5;1.27;0.02596559558584875
5;1.28;0.027263875365141188
5;1.29;0.027263875365141188
5;1.3;0.028886725089256736
5;1.31;0.028886725089256736
5;1.32;0.028886725089256736
5;1.33;0.029860434923726063
5;1.34;0.029860434923726063
5;1.35;0.03083414475819539
5;1.36;0.03083414475819539
5;1.37;0.03375527426160337
5;1.38;0.03375527426160337
5;1.39;0.03375527426160337
5;1.4;0.0347289840960727
5;1.41;0.0347289840960727
5;1.42;0.03537812398571892
5;1.43;0.03537812398571892
5;1.44;0.036676403765011356
5;1.45;0.036676403765011356
5;1.46;0.039272963323596234
5;1.47;0.039272963323596234
5;1.48;0.039272963323596234
5;1.49;0.039272963323596234
5;1.5;0.039597533268419347
5;1.52;0.039597533268419347
5;1.54;0.04057124310288867
5;1.56;0.04219409282700422
5;1.58;0.043816942551119765
5;1.6;0.0451152223304122
5;1.62;0.04576436222005842
5;1.64;0.05225576111652061
5;1.66;0.05322947095098994
5;1.68;0.05387861084063616
5;1.7;0.055176890619928594
5;1.72;0.056150600454397924
5;1.74;0.05744888023369036
5;1.76;0.05777345017851347
5;1.78;0.058747160012982795
5;1.8;0.06004543979227524
5;1.82;0.06037000973709834
5;1.84;0.06166828951639078
5;1.86;0.06264199935086011
5;1.88;0.06296656929568321
5;1.9;0.06329113924050633
5;1.92;0.06361570918532944
5;1.94;0.06523855890944498
5;1.96;0.0658876987990912
5;1.98;0.06653683868873742
5;2.0;0.06815968841285297
5;2.02;0.0691333982473223
5;2.04;0.0691333982473223
5;2.06;0.06978253813696851
5;2.08;0.06978253813696851
5;2.1;0.07010710808179163
5;2.12;0.07010710808179163
5;2.14;0.07108081791626095
5;2.16;0.07108081791626095
5;2.18;0.0723790976955534
5;2.2;0.0727036676403765
5;2.22;0.07335280753002271
5;2.24;0.07400194741966894
5;2.26;0.07400194741966894
5;2.28;0.07659850697825381
5;2.3;0.07724764686790003
5;2.32;0.07789678675754624
5;2.34;0.0795196364816618
5;2.36;0.08049334631613113
5;2.38;0.08081791626095423
5;2.4;0.08211619604024667
5;2.42;0.08244076598506977
5;2.44;0.08373904576436222
5;2.46;0.08406361570918533
5;2.48;0.08503732554365466
5;2.5;0.0869847452125933
5;2.52;0.08763388510223953
5;2.55;0.08893216488153197
5;2.58;0.09152872444011684
5;2.61;0.0934761441090555
5;2.64;0.09542356377799416
5;2.67;0.09996754300551769
5;2.7;0.1006166828951639
5;2.73;0.10223953261927946
5;2.76;0.10321324245374879
5;2.79;0.10451152223304122
5;2.82;0.10678351184680299
5;2.85;0.10710808179162609
5;2.88;0.10970464135021096
5;2.91;0.11327491074326518
5;2.94;0.11457319052255761
5;2.97;0.11781888997078871
5;3.0;0.11944173969490425
5;3.03;0.12009087958455048
5;3.06;0.12268743914313535
5;3.09;0.12495942875689711
5;3.12;0.12755598831548198
5;3.15;0.1278805582603051
5;3.18;0.1285296981499513
5;3.21;0.12885426809477443
5;3.24;0.13372281726712107
5;3.27;0.13599480688088283
5;3.3;0.13729308666017526
5;3.33;0.1379422265498215
5;3.36;0.1385913664394677
5;3.39;0.14021421616358326
5;3.42;0.14410905550146055
5;3.45;0.1457319052255761
5;3.48;0.14670561506004542
5;3.51;0.14995131450827653
5;3.55;0.1525478740668614
5;3.59;0.15481986368062317
5;3.63;0.1593638429081467
5;3.67;0.16228497241155468
5;3.71;0.16520610191496268
5;3.75;0.16780266147354755
5;3.79;0.17202207075624798
5;3.83;0.17624148003894838
5;3.87;0.1794871794871795
5;3.91;0.18143459915611815
5;3.95;0.18435572865952612
5;3.99;0.18792599805258034
5;4.03;0.1934436871145732
5;4.07;0.19831223628691982
5;4.11;0.2012333657903278
5;4.15;0.2038299253489127
5;4.19;0.20545277507302823
5;4.23;0.20967218435572865
5;4.27;0.21291788380395976
5;4.31;0.21551444336254463
5;4.35;0.21876014281077572
5;4.39;0.22233041220382993
5;4.43;0.2249269717624148
5;4.47;0.22947095098993833
5;4.51;0.23336579032781565
5;4.56;0.24115546900357027
5;4.61;0.24732229795520935
5;4.66;0.25186627718273286
5;4.71;0.2560856864654333
5;4.76;0.2599805258033106
5;4.81;0.26484907497565724
5;4.86;0.27134047387211946
5;4.91;0.2762090230444661
5;4.96;0.28497241155469005
5;5.01;0.2921129503407984
5;5.06;0.29827977929243754
5;5.11;0.3034728984096073
5;5.16;0.30963972736124634
5;5.21;0.31385913664394677
5;5.26;0.3180785459266472
5;5.31;0.32619279454722494
5;5.36;0.3310613437195716
5;5.41;0.335280753002272
5;5.46;0.34079844206426485
5;5.51;0.3469652710159039
5;5.57;0.35345666991236613
5;5.63;0.3596234988640052
5;5.69;0.36643946770529046
5;5.75;0.3758519961051607
5;5.81;0.38169425511197663
5;5.87;0.3868873742291464
5;5.93;0.3950016228497241
5;5.99;0.39954560207724765
5;6.05;0.4037650113599481
5;6.11;0.40960727036676403
5;6.17;0.4157740993184031
5;6.23;0.4216163583252191
5;6.29;0.42713404738721195
5;6.35;0.4349237260629666
5;6.41;0.43881856540084385
5;6.47;0.4436871145731905
5;6.53;0.4488802336903603
5;6.6;0.45504706264199934
5;6.67;0.4602401817591691
5;6.74;0.4673807205452775
5;6.81;0.47257383966244726
5;6.88;0.4810126582278481
5;6.95;0.4881531970139565
5;7.02;0.4943200259655956
5;7.09;0.5030834144758195
5;7.16;0.5102239532619279
5;7.23;0.5154170723790977
5;7.3;0.5212593313859136
5;7.37;0.5277507302823758
5;7.44;0.5335929892891919
5;7.51;0.5391106783511846
5;7.59;0.5436546575787082
5;7.67;0.5498214865303472
5;7.75;0.5589094449853943
5;7.83;0.5631288542680948
5;7.91;0.5686465433300876
5;7.99;0.5748133722817267
5;8.07;0.5848750405712431
5;8.15;0.5881207400194742
5;8.23;0.5949367088607594
5;8.31;0.5991561181434599
5;8.39;0.6046738072054527
5;8.47;0.6121389159363843
5;8.55;0.6163583252190847
5;8.64;0.62317429406037
5;8.73;0.6270691333982473
5;8.82;0.6329113924050633
5;8.91;0.6387536514118792
5;9.0;0.6462187601428108
5;9.09;0.6530347289840961
5;9.18;0.6579032781564427
5;9.27;0.6637455371632587
5;9.36;0.6712106458941902
5;9.45;0.6780266147354754
5;9.54;0.6851671535215839
5;9.64;0.6900357026939306
5;9.74;0.6968516715352159
5;9.84;0.7030185004868549
5;9.94;0.7069133398247323
5;10.04;0.712431028886725
5;10.14;0.7185978578383642
5;10.24;0.7247646867900033
5;10.34;0.7293086660175268
5;10.44;0.7374229146381045
5;10.54;0.741966893865628
5;10.65;0.7465108730931516
5;10.76;0.7572216812723142
5;10.87;0.7630639402791302
5;10.98;0.7711781888997079
5;11.09;0.7789678675754625
5;11.2;0.786432976306394
5;11.31;0.7932489451476793
5;11.42;0.8003894839337877
5;11.53;0.8091528724440117
5;11.65;0.815968841285297
5;11.77;0.8244076598506979
5;11.89;0.8312236286919831
5;12.01;0.8380395975332684
5;12.13;0.8474521259331386
5;12.25;0.8558909444985394
5;12.37;0.8620577734501785
5;12.49;0.8685491723466406
5;12.61;0.8763388510223953
5;12.74;0.8834793898085037
5;12.87;0.8954884777669587
5;13.0;0.9029535864978903
5;13.13;0.9107432651736449
5;13.26;0.919831223628692
5;13.39;0.9266471924699773
5;13.52;0.9363842908146706
5;13.66;0.9461213891593638
5;13.8;0.9561830574488802
5;13.94;0.9655955858487504
5;14.08;0.9740344044141512
5;14.22;0.9798766634209672
5;14.36;0.9850697825381369
5;14.5;0.9899383317104836
5;14.64;0.9938331710483609
5;14.79;0.9961051606621226
5;14.94;0.9974034404414152
5;15.09;0.9987017202207076
5;15.24;1.0
5;15.39;1.0
5;15.54;1.0
5;15.7;1.0
5;15.86;1.0
5;16.02;1.0
5;16.18;1.0
5;16.34;1.0
5;16.5;1.0
5;16.66;1.0
5;16.83;1.0
5;17.0;1.0
5;17.17;1.0
5;17.34;1.0
5;17.51;1.0
5;17.69;1.0
5;17.87;1.0
5;18.05;1.0
5;18.23;1.0
5;18.41;1.0
5;18.59;1.0
5;18.78;1.0
5;18.97;1.0
5;19.16;1.0
5;19.35;1.0
5;19.54;1.0
5;19.74;1.0
5;19.94;1.0
5;20.14;1.0
5;20.34;1.0
5;20.54;1.0
5;20.75;1.0
5;20.96;1.0
5;21.17;1.0
5;21.38;1.0
5;21.59;1.0
5;21.81;1.0
5;22.03;1.0
5;22.25;1.0
5;22.47;1.0
5;22.69;1.0
5;22.92;1.0
5;23.15;1.0
5;23.38;1.0
5;23.61;1.0
5;23.85;1.0
5;24.09;1.0
5;24.33;1.0
5;24.57;1.0
5;24.82;1.0
5;25.07;1.0
5;25.32;1.0
5;25.57;1.0
5;25.83;1.0
5;26.09;1.0
5;26.35;1.0
5;26.61;1.0
5;26.88;1.0
5;27.15;1.0
5;27.42;1.0
5;27.69;1.0
5;27.97;1.0
5;28.25;1.0
5;28.53;1.0
5;28.82;1.0
5;29.11;1.0
5;29.4;1.0
5;29.69;1.0
5;29.99;1.0
5;30.29;1.0
6;1.01;0.007774898185857091
6;1.02;0.007774898185857091
6;1.03;0.007774898185857091
6;1.04;0.008515364679748241
6;1.05;0.008515364679748241
6;1.06;0.008515364679748241
6;1.07;0.009255831173639394
6;1.08;0.009255831173639394
6;1.09;0.009255831173639394
6;1.1;0.009255831173639394
6;1.11;0.009255831173639394
6;1.12;0.009996297667530544
6;1.13;0.009996297667530544
6;1.14;0.009996297667530544
6;1.15;0.010736764161421697
6;1.16;0.010736764161421697
6;1.17;0.010736764161421697
6;1.18;0.011477230655312847
6;1.19;0.011477230655312847
6;1.2;0.012217697149204
6;1.21;0.012217697149204
6;1.22;0.012217697149204
6;1.23;0.012217697149204
6;1.24;0.012217697149204
6;1.25;0.013698630136986302
6;1.26;0.013698630136986302
6;1.27;0.013698630136986302
6;1.28;0.015179563124768605
6;1.29;0.015179563124768605
6;1.3;0.015920029618659758
6;1.31;0.015920029618659758
6;1.32;0.015920029618659758
6;1.33;0.017030729359496483
6;1.34;0.017030729359496483
6;1.35;0.01740096260644206
6;1.36;0.01740096260644206
6;1.37;0.01814142910033321
6;1.38;0.01814142910033321
6;1.39;0.01814142910033321
6;1.4;0.019622362088115512
6;1.41;0.019622362088115512
6;1.42;0.01999259533506109
6;1.43;0.01999259533506109
6;1.44;0.021103295075897817
6;1.45;0.021103295075897817
6;1.46;0.022584228063680118
6;1.47;0.022584228063680118
6;1.48;0.022584228063680118
6;1.49;0.022584228063680118
6;1.5;0.022954461310625694
6;1.52;0.022954461310625694
6;1.54;0.023694927804516847
6;1.56;0.02517586079229915
6;1.58;0.0259163272861903
6;1.6;0.026286560533135876
6;1.62;0.02702702702702703
6;1.64;0.029988893002591634
6;1.66;0.030729359496482787
6;1.68;0.030729359496482787
6;1.7;0.03258052573121066
6;1.72;0.03332099222510181
6;1.74;0.034431691965938545
6;1.76;0.03554239170677527
6;1.78;0.037023324694557574
6;1.8;0.0381340244353943
6;1.82;0.039614957423176604
6;1.84;0.04146612365790448
6;1.86;0.042947056645686786
6;1.88;0.04368752313957794
6;1.9;0.04368752313957794
6;1.92;0.04368752313957794
6;1.94;0.04479822288041466
6;1.96;0.045168456127360236
6;1.98;0.04590892262125139
6;2.0;0.04701962236208812
6;2.02;0.048130322102924845
6;2.04;0.048870788596816
6;2.06;0.04998148833765272
6;2.08;0.04998148833765272
6;2.1;0.04998148833765272
6;2.12;0.04998148833765272
6;2.14;0.0503517215845983
6;2.16;0.0503517215845983
6;2.18;0.053313587560162905
6;2.2;0.053313587560162905
6;2.22;0.05368382080710848
6;2.24;0.05553498704183636
6;2.26;0.05553498704183636
6;2.28;0.05664568678267309
6;2.3;0.05664568678267309
6;2.32;0.05738615327656424
6;2.34;0.05738615327656424
6;2.36;0.05812661977045539
6;2.38;0.05812661977045539
6;2.4;0.058867086264346544
6;2.42;0.05997778600518327
6;2.44;0.06071825249907442
6;2.46;0.061828952239911146
6;2.48;0.0625694187338023
6;2.5;0.06330988522769344
6;2.52;0.06330988522769344
6;2.55;0.06553128470936691
6;2.58;0.06701221769714921
6;2.61;0.06960385042576823
6;2.64;0.06997408367271381
6;2.67;0.07219548315438727
6;2.7;0.07367641614216958
6;2.73;0.0747871158830063
6;2.76;0.07589781562384303
6;2.79;0.07737874861162533
6;2.82;0.08034061458718993
6;2.85;0.08108108108108109
6;2.88;0.08219178082191782
6;2.91;0.08367271380970011
6;2.94;0.08589411329137357
6;2.97;0.08922621251388375
6;3.0;0.0899666790077749
6;3.03;0.09107737874861163
6;3.06;0.09329877823028508
6;3.09;0.09552017771195853
6;3.12;0.09663087745279526
6;3.15;0.097741577193632
6;3.18;0.09885227693446871
6;3.21;0.09959274342835987
6;3.24;0.10181414291003332
6;3.27;0.1051462421325435
6;3.3;0.10551647537948908
6;3.33;0.10884857460199926
6;3.36;0.10884857460199926
6;3.39;0.11255090707145501
6;3.42;0.11477230655312848
6;3.45;0.11625323954091078
6;3.48;0.11699370603480193
6;3.51;0.12106627175120327
6;3.55;0.12476860422065902
6;3.59;0.12736023694927806
6;3.63;0.12884116993706035
6;3.67;0.13217326915957053
6;3.71;0.13513513513513514
6;3.75;0.13661606812291743
6;3.79;0.13809700111069975
6;3.83;0.14253980007404665
6;3.87;0.14476119955572012
6;3.91;0.14661236579044798
6;3.95;0.15031469825990373
6;3.99;0.1525360977415772
6;4.03;0.15734912995186967
6;4.07;0.16105146242132545
6;4.11;0.1647537948907812
6;4.15;0.16845612736023696
6;4.19;0.16993706034801925
6;4.23;0.17475009255831175
6;4.27;0.17919289152165865
6;4.31;0.18104405775638652
6;4.35;0.18326545723805998
6;4.39;0.18511662347278787
6;4.43;0.18770825620140688
6;4.47;0.18992965568308035
6;4.51;0.19289152165864495
6;4.56;0.1984450203628286
6;4.61;0.2043687523139578
6;4.66;0.20770085153646797
6;4.71;0.20992225101814144
6;4.76;0.2136245834875972
6;4.81;0.21769714920399852
6;4.86;0.22176971492039987
6;4.91;0.2239911144020733
6;4.96;0.22917437985931138
6;5.01;0.23620881155127732
6;5.06;0.24028137726767865
6;5.11;0.24509440947797112
6;5.16;0.24990744168826362
6;5.21;0.2550907071455017
6;5.26;0.2610144390966309
6;5.31;0.26434653831914107
6;5.36;0.26915957052943357
6;5.41;0.2724916697519437
6;5.46;0.27989633469085523
6;5.51;0.2865605331358756
6;5.57;0.29211403184005924
6;5.63;0.2972972972972973
6;5.69;0.3035912624953721
6;5.75;0.3139577934098482
6;5.81;0.3187708256201407
6;5.87;0.3261754905590522
6;5.93;0.33061828952239913
6;5.99;0.3387634209552018
6;6.05;0.34542761940022215
6;6.11;0.35172158459829694
6;6.17;0.3572750833024806
6;6.23;0.36208811551277303
6;6.29;0.3683820807108478
6;6.35;0.3746760459089226
6;6.41;0.38171047760088855
6;6.47;0.3894853757867457
6;6.53;0.39392817475009256
6;6.6;0.3983709737134395
6;6.67;0.40355423917067756
6;6.74;0.4116993706034802
6;6.81;0.4194742687893373
6;6.88;0.42798963346908553
6;6.95;0.4342835986671603
6;7.02;0.4431691965938541
6;7.09;0.45353572750833027
6;7.16;0.4605701592002962
6;7.23;0.46501295816364313
6;7.3;0.4716771566086635
6;7.37;0.47871158830062943
6;7.44;0.48611625323954094
6;7.51;0.493891151425398
6;7.59;0.5042576823398741
6;7.67;0.513143280266568
6;7.75;0.522769344687153
6;7.83;0.527952610144391
6;7.91;0.5357275083302481
6;7.99;0.5398000740466494
6;8.07;0.5516475379489079
6;8.15;0.5605331358756016
6;8.23;0.5638652350981118
6;8.31;0.5705294335431322
6;8.39;0.579415031469826
6;8.47;0.5857089966679008
6;8.55;0.5901517956312478
6;8.64;0.5964457608293225
6;8.73;0.6034801925212885
6;8.82;0.6075527582376897
6;8.91;0.6131062569418734
6;9.0;0.6197704553868938
6;9.09;0.6271751203258052
6;9.18;0.6301369863013699
6;9.27;0.6368011847463902
6;9.36;0.6423546834505739
6;9.45;0.6486486486486487
6;9.54;0.6538319141058867
6;9.64;0.6586449463161792
6;9.74;0.664938911514254
6;9.84;0.6697519437245465
6;9.94;0.6760459089226213
6;10.04;0.6808589411329138
6;10.14;0.689374305812662
6;10.24;0.6960385042576823
6;10.34;0.7004813032210293
6;10.44;0.706034801925213
6;10.54;0.71380970011107
6;10.65;0.718992965568308
6;10.76;0.7252869307663828
6;10.87;0.7289892632358386
6;10.98;0.7375046279155868
6;11.09;0.7437985931136616
6;11.2;0.7493520918178452
6;11.31;0.7549055905220289
6;11.42;0.7623102554609404
6;11.53;0.7697149203998519
6;11.65;0.7760088855979267
6;11.77;0.7815623843021103
6;11.89;0.7900777489818586
6;12.01;0.7974824139207701
6;12.13;0.8022954461310626
6;12.25;0.8119215105516475
6;12.37;0.81673454276194
6;12.49;0.8248796741947427
6;12.61;0.831543872639763
6;12.74;0.8389485375786746
6;12.87;0.8470936690114773
6;13.0;0.8552388004442799
6;13.13;0.8619029988893003
6;13.26;0.8715290633098852
6;13.39;0.8781932617549056
6;13.52;0.8863383931877082
6;13.66;0.8992965568308035
6;13.8;0.9067012217697149
6;13.94;0.9174379859311367
6;14.08;0.9281747500925583
6;14.22;0.9348389485375788
6;14.36;0.9477971121806739
6;14.5;0.9570529433543132
6;14.64;0.9663087745279526
6;14.79;0.972972972972973
6;14.94;0.9777860051832655
6;15.09;0.9840799703813403
6;15.24;0.9914846353202518
6;15.39;0.9940762680488708
6;15.54;0.9966679007774899
6;15.7;0.997408367271381
6;15.86;0.9985190670122177
6;16.02;0.9992595335061089
6;16.18;0.9992595335061089
6;16.34;0.9992595335061089
6;16.5;0.9996297667530545
6;16.66;1.0
6;16.83;1.0
6;17.0;1.0
6;17.17;1.0
6;17.34;1.0
6;17.51;1.0
6;17.69;1.0
6;17.87;1.0
6;18.05;1.0
6;18.23;1.0
6;18.41;1.0
6;18.59;1.0
6;18.78;1.0
6;18.97;1.0
6;19.16;1.0
6;19.35;1.0
6;19.54;1.0
6;19.74;1.0
6;19.94;1.0
6;20.14;1.0
6;20.34;1.0
6;20.54;1.0
6;20.75;1.0
6;20.96;1.0
6;21.17;1.0
6;21.38;1.0
6;21.59;1.0
6;21.81;1.0
6;22.03;1.0
6;22.25;1.0
6;22.47;1.0
6;22.69;1.0
6;22.92;1.0
6;23.15;1.0
6;23.38;1.0
6;23.61;1.0
6;23.85;1.0
6;24.09;1.0
6;24.33;1.0
6;24.57;1.0
6;24.82;1.0
6;25.07;1.0
6;25.32;1.0
6;25.57;1.0
6;25.83;1.0
6;26.09;1.0
6;26.35;1.0
6;26.61;1.0
6;26.88;1.0
6;27.15;1.0
6;27.42;1.0
6;27.69;1.0
6;27.97;1.0
6;28.25;1.0
6;28.53;1.0
6;28.82;1.0
6;29.11;1.0
6;29.4;1.0
6;29.69;1.0
6;29.99;1.0
6;30.29;1.0
7;1.01;0.004262574595055414
7;1.02;0.004262574595055414
7;1.03;0.004262574595055414
7;1.04;0.004262574595055414
7;1.05;0.004262574595055414
7;1.06;0.004262574595055414
7;1.07;0.004262574595055414
7;1.08;0.004262574595055414
7;1.09;0.004262574595055414
7;1.1;0.004262574595055414
7;1.11;0.004262574595055414
7;1.12;0.004688832054560955
7;1.13;0.004688832054560955
7;1.14;0.004688832054560955
7;1.15;0.004688832054560955
7;1.16;0.004688832054560955
7;1.17;0.004688832054560955
7;1.18;0.004688832054560955
7;1.19;0.004688832054560955
7;1.2;0.005115089514066496
7;1.21;0.005115089514066496
7;1.22;0.005115089514066496
7;1.23;0.005541346973572037
7;1.24;0.005541346973572037
7;1.25;0.005967604433077579
7;1.26;0.005967604433077579
7;1.27;0.005967604433077579
7;1.28;0.0076726342710997444
7;1.29;0.0076726342710997444
7;1.3;0.008098891730605285
7;1.31;0.008098891730605285
7;1.32;0.008098891730605285
7;1.33;0.00937766410912191
7;1.34;0.00937766410912191
7;1.35;0.00980392156862745
7;1.36;0.00980392156862745
7;1.37;0.010656436487638534
7;1.38;0.010656436487638534
7;1.39;0.010656436487638534
7;1.4;0.011508951406649617
7;1.41;0.011508951406649617
7;1.42;0.011508951406649617
7;1.43;0.011508951406649617
7;1.44;0.011508951406649617
7;1.45;0.011508951406649617
7;1.46;0.0123614663256607
7;1.47;0.0123614663256607
7;1.48;0.01278772378516624
7;1.49;0.01278772378516624
7;1.5;0.01278772378516624
7;1.52;0.01278772378516624
7;1.54;0.013213981244671782
7;1.56;0.014492753623188406
7;1.58;0.014919011082693947
7;1.6;0.01577152600170503
7;1.62;0.01577152600170503
7;1.64;0.017476555839727195
7;1.66;0.018329070758738276
7;1.68;0.01875532821824382
7;1.7;0.01875532821824382
7;1.72;0.021739130434782608
7;1.74;0.022591645353793693
7;1.76;0.022591645353793693
7;1.78;0.024296675191815855
7;1.8;0.0247229326513214
7;1.82;0.026427962489343565
7;1.84;0.027280477408354646
7;1.86;0.02855924978687127
7;1.88;0.03111679454390452
7;1.9;0.03154305200341006
7;1.92;0.03239556692242114
7;1.94;0.033674339300937765
7;1.96;0.03410059676044331
7;1.98;0.03410059676044331
7;2.0;0.03495311167945439
7;2.02;0.035379369138959935
7;2.04;0.03580562659846547
7;2.06;0.0370843989769821
7;2.08;0.03751065643648764
7;2.1;0.03793691389599318
7;2.12;0.03793691389599318
7;2.14;0.03836317135549872
7;2.16;0.03836317135549872
7;2.18;0.0392156862745098
7;2.2;0.04049445865302643
7;2.22;0.04049445865302643
7;2.24;0.043478260869565216
7;2.26;0.043478260869565216
7;2.28;0.0443307757885763
7;2.3;0.0443307757885763
7;2.32;0.04475703324808184
7;2.34;0.04475703324808184
7;2.36;0.04475703324808184
7;2.38;0.04475703324808184
7;2.4;0.04475703324808184
7;2.42;0.045183290707587385
7;2.44;0.04603580562659847
7;2.46;0.046462063086104004
7;2.48;0.04816709292412617
7;2.5;0.049872122762148335
7;2.52;0.049872122762148335
7;2.55;0.051577152600170505
7;2.58;0.05200341005967604
7;2.61;0.054987212276214836
7;2.64;0.05541346973572037
7;2.67;0.05711849957374254
7;2.7;0.057971014492753624
7;2.73;0.06010230179028133
7;2.76;0.06180733162830349
7;2.79;0.06308610400682012
7;2.82;0.0639386189258312
7;2.85;0.06479113384484228
7;2.88;0.06692242114236999
7;2.91;0.06734867860187553
7;2.94;0.06820119352088662
7;2.97;0.0711849957374254
7;3.0;0.07203751065643649
7;3.03;0.0733162830349531
7;3.06;0.07544757033248081
7;3.09;0.0763000852514919
7;3.12;0.07885763000852515
7;3.15;0.08013640238704177
7;3.18;0.0814151747655584
7;3.21;0.08226768968456948
7;3.24;0.08397271952259165
7;3.27;0.08653026427962489
7;3.3;0.08695652173913043
7;3.33;0.08994032395566923
7;3.36;0.09121909633418585
7;3.39;0.09249786871270248
7;3.42;0.09462915601023018
7;3.45;0.09548167092924126
7;3.48;0.0959079283887468
7;3.51;0.09803921568627451
7;3.55;0.10144927536231885
7;3.59;0.10613810741687979
7;3.63;0.10954816709292413
7;3.67;0.11125319693094629
7;3.71;0.11253196930946291
7;3.75;0.11466325660699062
7;3.79;0.1155157715260017
7;3.83;0.11977834612105712
7;3.87;0.12190963341858482
7;3.91;0.12404092071611253
7;3.95;0.12702472293265132
7;3.99;0.1308610400682012
7;4.03;0.13427109974424553
7;4.07;0.13768115942028986
7;4.11;0.13981244671781756
7;4.15;0.14620630861040068
7;4.19;0.14876385336743392
7;4.23;0.15132139812446718
7;4.27;0.1534526854219949
7;4.31;0.15728900255754474
7;4.35;0.159846547314578
7;4.39;0.16112531969309463
7;4.43;0.16155157715260016
7;4.47;0.16368286445012786
7;4.51;0.1658141517476556
7;4.56;0.17178175618073316
7;4.61;0.17860187553282184
7;4.66;0.18286445012787725
7;4.71;0.18584825234441602
7;4.76;0.18797953964194372
7;4.81;0.1918158567774936
7;4.86;0.1947996589940324
7;4.91;0.20034100596760443
7;4.96;0.20460358056265984
7;5.01;0.20801364023870417
7;5.06;0.21184995737425405
7;5.11;0.2144075021312873
7;5.16;0.21739130434782608
7;5.21;0.2195225916453538
7;5.26;0.2259164535379369
7;5.31;0.2310315430520034
7;5.36;0.2348678601875533
7;5.41;0.23657289002557544
7;5.46;0.24168797953964194
7;5.51;0.24765558397271953
7;5.57;0.2544757033248082
7;5.63;0.2617220801364024
7;5.69;0.2672634271099744
7;5.75;0.27237851662404094
7;5.81;0.2783461210571185
7;5.87;0.283461210571185
7;5.93;0.2894288150042626
7;5.99;0.293691389599318
7;6.05;0.30051150895140666
7;6.11;0.30647911338448425
7;6.17;0.3111679454390452
7;6.23;0.31585677749360613
7;6.29;0.32225063938618925
7;6.35;0.3277919863597613
7;6.41;0.3388746803069054
7;6.47;0.345694799658994
7;6.53;0.34995737425404944
7;6.6;0.35635123614663256
7;6.67;0.3614663256606991
7;6.74;0.3674339300937766
7;6.81;0.37809036658141515
7;6.88;0.38448422847399827
7;6.95;0.391304347826087
7;7.02;0.3994032395566922
7;7.09;0.4096334185848252
7;7.16;0.417306052855925
7;7.23;0.4254049445865303
7;7.3;0.4339300937766411
7;7.37;0.43861892583120204
7;7.44;0.4484228473998295
7;7.51;0.45865302642796246
7;7.59;0.469309462915601
7;7.67;0.47698209718670076
7;7.75;0.48721227621483376
7;7.83;0.49445865302642794
7;7.91;0.5068201193520887
7;7.99;0.5140664961636828
7;8.07;0.5225916453537937
7;8.15;0.5311167945439045
7;8.23;0.5383631713554987
7;8.31;0.5451832907075874
7;8.39;0.5541346973572038
7;8.47;0.5605285592497868
7;8.55;0.5694799658994032
7;8.64;0.5818414322250639
7;8.73;0.5899403239556692
7;8.82;0.5959079283887468
7;8.91;0.6027280477408354
7;9.0;0.6099744245524297
7;9.09;0.6159420289855072
7;9.18;0.6214833759590793
7;9.27;0.6270247229326513
7;9.36;0.6342710997442456
7;9.45;0.6368286445012787
7;9.54;0.6419437340153452
7;9.64;0.6453537936913896
7;9.74;0.6526001705029838
7;9.84;0.6602728047740836
7;9.94;0.6649616368286445
7;10.04;0.6687979539641944
7;10.14;0.6747655583972719
7;10.24;0.6811594202898551
7;10.34;0.6867007672634271
7;10.44;0.6947996589940324
7;10.54;0.7046035805626598
7;10.65;0.711849957374254
7;10.76;0.7148337595907929
7;10.87;0.7199488491048593
7;10.98;0.7271952259164536
7;11.09;0.7352941176470589
7;11.2;0.742540494458653
7;11.31;0.7497868712702472
7;11.42;0.7531969309462916
7;11.53;0.7612958226768969
7;11.65;0.7689684569479965
7;11.77;0.7723785166240409
7;11.89;0.7800511508951407
7;12.01;0.789002557544757
7;12.13;0.7953964194373402
7;12.25;0.8009377664109122
7;12.37;0.8090366581415175
7;12.49;0.814151747655584
7;12.61;0.8222506393861893
7;12.74;0.829070758738278
7;12.87;0.8380221653878943
7;13.0;0.8439897698209718
7;13.13;0.8516624040920716
7;13.26;0.8593350383631714
7;13.39;0.8657289002557544
7;13.52;0.8742540494458653
7;13.66;0.8832054560954816
7;13.8;0.8913043478260869
7;13.94;0.8981244671781756
7;14.08;0.907928388746803
7;14.22;0.9151747655583973
7;14.36;0.9236999147485081
7;14.5;0.9326513213981245
7;14.64;0.9411764705882353
7;14.79;0.9462915601023018
7;14.94;0.9552429667519181
7;15.09;0.9641943734015346
7;15.24;0.9701619778346121
7;15.39;0.9752770673486786
7;15.54;0.9812446717817562
7;15.7;0.9838022165387894
7;15.86;0.9889173060528559
7;16.02;0.9919011082693947
7;16.18;0.9936061381074168
7;16.34;0.9953111679454391
7;16.5;0.9961636828644501
7;16.66;0.9961636828644501
7;16.83;0.9970161977834612
7;17.0;0.9978687127024722
7;17.17;0.9982949701619779
7;17.34;0.9987212276214834
7;17.51;0.9991474850809889
7;17.69;0.9991474850809889
7;17.87;0.9991474850809889
7;18.05;0.9991474850809889
7;18.23;0.9991474850809889
7;18.41;1.0
7;18.59;1.0
7;18.78;1.0
7;18.97;1.0
7;19.16;1.0
7;19.35;1.0
7;19.54;1.0
7;19.74;1.0
7;19.94;1.0
7;20.14;1.0
7;20.34;1.0
7;20.54;1.0
7;20.75;1.0
7;20.96;1.0
7;21.17;1.0
7;21.38;1.0
7;21.59;1.0
7;21.81;1.0
7;22.03;1.0
7;22.25;1.0
7;22.47;1.0
7;22.69;1.0
7;22.92;1.0
7;23.15;1.0
7;23.38;1.0
7;23.61;1.0
7;23.85;1.0
7;24.09;1.0
7;24.33;1.0
7;24.57;1.0
7;24.82;1.0
7;25.07;1.0
7;25.32;1.0
7;25.57;1.0
7;25.83;1.0
7;26.09;1.0
7;26.35;1.0
7;26.61;1.0
7;26.88;1.0
7;27.15;1.0
7;27.42;1.0
7;27.69;1.0
7;27.97;1.0
7;28.25;1.0
7;28.53;1.0
7;28.82;1.0
7;29.11;1.0
7;29.4;1.0
7;29.69;1.0
7;29.99;1.0
7;30.29;1.0
8;1.01;0.001984126984126984
8;1.02;0.001984126984126984
8;1.03;0.001984126984126984
8;1.04;0.00248015873015873
8;1.05;0.00248015873015873
8;1.06;0.00248015873015873
8;1.07;0.00248015873015873
8;1.08;0.00248015873015873
8;1.09;0.00248015873015873
8;1.1;0.00248015873015873
8;1.11;0.00248015873015873
8;1.12;0.002976190476190476
8;1.13;0.002976190476190476
8;1.14;0.002976190476190476
8;1.15;0.002976190476190476
8;1.16;0.002976190476190476
8;1.17;0.002976190476190476
8;1.18;0.002976190476190476
8;1.19;0.002976190476190476
8;1.2;0.002976190476190476
8;1.21;0.002976190476190476
8;1.22;0.002976190476190476
8;1.23;0.003472222222222222
8;1.24;0.003472222222222222
8;1.25;0.003472222222222222
8;1.26;0.003472222222222222
8;1.27;0.003472222222222222
8;1.28;0.003968253968253968
8;1.29;0.003968253968253968
8;1.3;0.005456349206349206
8;1.31;0.005456349206349206
8;1.32;0.005456349206349206
8;1.33;0.006448412698412698
8;1.34;0.006448412698412698
8;1.35;0.00744047619047619
8;1.36;0.00744047619047619
8;1.37;0.00744047619047619
8;1.38;0.00744047619047619
8;1.39;0.00744047619047619
8;1.4;0.008432539682539682
8;1.41;0.008432539682539682
8;1.42;0.008432539682539682
8;1.43;0.008432539682539682
8;1.44;0.008432539682539682
8;1.45;0.008432539682539682
8;1.46;0.008928571428571428
8;1.47;0.008928571428571428
8;1.48;0.009424603174603174
8;1.49;0.009424603174603174
8;1.5;0.009424603174603174
8;1.52;0.009424603174603174
8;1.54;0.009424603174603174
8;1.56;0.010416666666666666
8;1.58;0.011408730158730158
8;1.6;0.011408730158730158
8;1.62;0.011904761904761904
8;1.64;0.011904761904761904
8;1.66;0.013392857142857142
8;1.68;0.013392857142857142
8;1.7;0.013888888888888888
8;1.72;0.01488095238095238
8;1.74;0.016865079365079364
8;1.76;0.0183531746031746
8;1.78;0.018849206349206348
8;1.8;0.020833333333333332
8;1.82;0.020833333333333332
8;1.84;0.02232142857142857
8;1.86;0.022817460317460316
8;1.88;0.024305555555555552
8;1.9;0.025297619047619048
8;1.92;0.025297619047619048
8;1.94;0.026785714285714284
8;1.96;0.027777777777777776
8;1.98;0.02827380952380952
8;2.0;0.029265873015873016
8;2.02;0.030753968253968252
8;2.04;0.03125
8;2.06;0.03224206349206349
8;2.08;0.03373015873015873
8;2.1;0.03373015873015873
8;2.12;0.03373015873015873
8;2.14;0.03422619047619047
8;2.16;0.034722222222222224
8;2.18;0.034722222222222224
8;2.2;0.03571428571428571
8;2.22;0.03571428571428571
8;2.24;0.0367063492063492
8;2.26;0.039186507936507936
8;2.28;0.040178571428571425
8;2.3;0.041666666666666664
8;2.32;0.041666666666666664
8;2.34;0.041666666666666664
8;2.36;0.04216269841269841
8;2.38;0.04216269841269841
8;2.4;0.04216269841269841
8;2.42;0.04216269841269841
8;2.44;0.04216269841269841
8;2.46;0.043154761904761904
8;2.48;0.04464285714285714
8;2.5;0.04513888888888889
8;2.52;0.04662698412698413
8;2.55;0.047619047619047616
8;2.58;0.04811507936507936
8;2.61;0.0496031746031746
8;2.64;0.050595238095238096
8;2.67;0.05208333333333333
8;2.7;0.053075396825396824
8;2.73;0.054563492063492064
8;2.76;0.05555555555555555
8;2.79;0.05654761904761904
8;2.82;0.05704365079365079
8;2.85;0.05853174603174603
8;2.88;0.05952380952380952
8;2.91;0.06051587301587301
8;2.94;0.06101190476190476
8;2.97;0.061507936507936505
8;3.0;0.06299603174603174
8;3.03;0.06448412698412698
8;3.06;0.06696428571428571
8;3.09;0.06944444444444445
8;3.12;0.06944444444444445
8;3.15;0.07142857142857142
8;3.18;0.07291666666666666
8;3.21;0.07390873015873016
8;3.24;0.0744047619047619
8;3.27;0.07738095238095238
8;3.3;0.07886904761904762
8;3.33;0.07936507936507936
8;3.36;0.08234126984126984
8;3.39;0.08482142857142856
8;3.42;0.0873015873015873
8;3.45;0.08779761904761904
8;3.48;0.08878968253968253
8;3.51;0.08978174603174603
8;3.55;0.09126984126984126
8;3.59;0.09623015873015872
8;3.63;0.09771825396825397
8;3.67;0.10069444444444443
8;3.71;0.10267857142857142
8;3.75;0.1046626984126984
8;3.79;0.10615079365079365
8;3.83;0.10813492063492063
8;3.87;0.10912698412698413
8;3.91;0.11011904761904762
8;3.95;0.11259920634920634
8;3.99;0.11557539682539682
8;4.03;0.11904761904761904
8;4.07;0.12103174603174602
8;4.11;0.12450396825396824
8;4.15;0.12996031746031744
8;4.19;0.13194444444444445
8;4.23;0.13442460317460317
8;4.27;0.13839285714285712
8;4.31;0.1423611111111111
8;4.35;0.14632936507936506
8;4.39;0.14781746031746032
8;4.43;0.1488095238095238
8;4.47;0.15128968253968253
8;4.51;0.15476190476190477
8;4.56;0.1572420634920635
8;4.61;0.16418650793650794
8;4.66;0.16914682539682538
8;4.71;0.17212301587301587
8;4.76;0.17509920634920634
8;4.81;0.17757936507936506
8;4.86;0.17956349206349206
8;4.91;0.18303571428571427
8;4.96;0.18601190476190474
8;5.01;0.18948412698412698
8;5.06;0.1929563492063492
8;5.11;0.1949404761904762
8;5.16;0.19692460317460317
8;5.21;0.20089285714285712
8;5.26;0.20436507936507936
8;5.31;0.2058531746031746
8;5.36;0.21081349206349206
8;5.41;0.21279761904761904
8;5.46;0.216765873015873
8;5.51;0.22023809523809523
8;5.57;0.22817460317460317
8;5.63;0.2331349206349206
8;5.69;0.23859126984126983
8;5.75;0.24404761904761904
8;5.81;0.24851190476190474
8;5.87;0.25396825396825395
8;5.93;0.2579365079365079
8;5.99;0.2638888888888889
8;6.05;0.2663690476190476
8;6.11;0.2683531746031746
8;6.17;0.2728174603174603
8;6.23;0.27678571428571425
8;6.29;0.2787698412698413
8;6.35;0.28273809523809523
8;6.41;0.29166666666666663
8;6.47;0.29811507936507936
8;6.53;0.30257936507936506
8;6.6;0.3100198412698413
8;6.67;0.31547619047619047
8;6.74;0.3224206349206349
8;6.81;0.33382936507936506
8;6.88;0.34424603174603174
8;6.95;0.3492063492063492
8;7.02;0.3571428571428571
8;7.09;0.3655753968253968
8;7.16;0.37648809523809523
8;7.23;0.3839285714285714
8;7.3;0.3968253968253968
8;7.37;0.40426587301587297
8;7.44;0.41369047619047616
8;7.51;0.4226190476190476
8;7.59;0.43700396825396826
8;7.67;0.4429563492063492
8;7.75;0.45634920634920634
8;7.83;0.46428571428571425
8;7.91;0.47817460317460314
8;7.99;0.4851190476190476
8;8.07;0.4975198412698412
8;8.15;0.5059523809523809
8;8.23;0.5114087301587301
8;8.31;0.5198412698412698
8;8.39;0.5317460317460317
8;8.47;0.5401785714285714
8;8.55;0.5491071428571428
8;8.64;0.5595238095238095
8;8.73;0.5729166666666666
8;8.82;0.5808531746031745
8;8.91;0.5892857142857143
8;9.0;0.5967261904761905
8;9.09;0.6076388888888888
8;9.18;0.6145833333333333
8;9.27;0.6200396825396826
8;9.36;0.6309523809523809
8;9.45;0.6339285714285714
8;9.54;0.6403769841269841
8;9.64;0.6458333333333333
8;9.74;0.6552579365079365
8;9.84;0.6597222222222222
8;9.94;0.6636904761904762
8;10.04;0.6681547619047619
8;10.14;0.6750992063492063
8;10.24;0.679563492063492
8;10.34;0.6850198412698413
8;10.44;0.6944444444444444
8;10.54;0.7018849206349206
8;10.65;0.7098214285714285
8;10.76;0.7152777777777778
8;10.87;0.7212301587301587
8;10.98;0.7271825396825397
8;11.09;0.7341269841269841
8;11.2;0.7430555555555555
8;11.31;0.7524801587301587
8;11.42;0.7574404761904762
8;11.53;0.7663690476190476
8;11.65;0.769345238095238
8;11.77;0.7767857142857142
8;11.89;0.7837301587301587
8;12.01;0.7881944444444444
8;12.13;0.7966269841269841
8;12.25;0.8015873015873015
8;12.37;0.8055555555555555
8;12.49;0.8125
8;12.61;0.8234126984126984
8;12.74;0.8328373015873015
8;12.87;0.8397817460317459
8;13.0;0.847718253968254
8;13.13;0.8536706349206349
8;13.26;0.8591269841269841
8;13.39;0.867063492063492
8;13.52;0.8745039682539683
8;13.66;0.8844246031746031
8;13.8;0.8893849206349206
8;13.94;0.8953373015873015
8;14.08;0.9037698412698412
8;14.22;0.9151785714285714
8;14.36;0.9246031746031745
8;14.5;0.9310515873015872
8;14.64;0.9370039682539683
8;14.79;0.9424603174603174
8;14.94;0.9499007936507936
8;15.09;0.9598214285714285
8;15.24;0.9652777777777777
8;15.39;0.96875
8;15.54;0.9756944444444444
8;15.7;0.9796626984126984
8;15.86;0.9826388888888888
8;16.02;0.986111111111111
8;16.18;0.9885912698412698
8;16.34;0.9905753968253967
8;16.5;0.9930555555555555
8;16.66;0.9945436507936507
8;16.83;0.9960317460317459
8;17.0;0.9965277777777777
8;17.17;0.9970238095238094
8;17.34;0.9975198412698412
8;17.51;0.9980158730158729
8;17.69;0.9985119047619047
8;17.87;0.9985119047619047
8;18.05;0.9990079365079364
8;18.23;0.9990079365079364
8;18.41;0.9995039682539681
8;18.59;1.0
8;18.78;1.0
8;18.97;1.0
8;19.16;1.0
8;19.35;1.0
8;19.54;1.0
8;19.74;1.0
8;19.94;1.0
8;20.14;1.0
8;20.34;1.0
8;20.54;1.0
8;20.75;1.0
8;20.96;1.0
8;21.17;1.0
8;21.38;1.0
8;21.59;1.0
8;21.81;1.0
8;22.03;1.0
8;22.25;1.0
8;22.47;1.0
8;22.69;1.0
8;22.92;1.0
8;23.15;1.0
8;23.38;1.0
8;23.61;1.0
8;23.85;1.0
8;24.09;1.0
8;24.33;1.0
8;24.57;1.0
8;24.82;1.0
8;25.07;1.0
8;25.32;1.0
8;25.57;1.0
8;25.83;1.0
8;26.09;1.0
8;26.35;1.0
8;26.61;1.0
8;26.88;1.0
8;27.15;1.0
8;27.42;1.0
8;27.69;1.0
8;27.97;1.0
8;28.25;1.0
8;28.53;1.0
8;28.82;1.0
8;29.11;1.0
8;29.4;1.0
8;29.69;1.0
8;29.99;1.0
8;30.29;1.0
